dianping://review?id=23022705'&'shopname=百素·我家酸菜鱼'('中山公园一店')&'shopstatus=0
com.dianping.v1/com.dianping.ugc.feed.ui.FeedDetailActivity/android.view.ViewRootImpl@70a5933 (visibility=0)
0,2435703185503769,2435703185503769,2435703170000000,2435703178000000,2435703186377817,2435703187127296,2435703187183025,2435703187379900,2435703187514275,2435703187798130,2435703188129900,2435703190559067,2435703194023650,
0,2435703202108832,2435703202108832,2435703187000000,2435703195000000,2435703202556463,2435703203317921,2435703203367921,2435703203564275,2435703203699171,2435703203977296,2435703204281463,2435703206362713,2435703208580942,
0,2435703218775946,2435703218775946,2435703207000000,2435703213775946,2435703219301255,2435703220184588,2435703220246567,2435703220464796,2435703220588234,2435703220771046,2435703221073130,2435703224012713,2435703225672609,
0,2435703235445355,2435703235445355,2435703220000000,2435703226500000,2435703235810109,2435703236529900,2435703236578338,2435703236772088,2435703236891359,2435703237078338,2435703237374171,2435703239312713,2435703241510109,
0,2435703252114723,2435703252114723,2435703236000000,2435703244000000,2435703252475213,2435703253299171,2435703253447088,2435703253659067,2435703253787192,2435703253953859,2435703254265838,2435703256259067,2435703258261150,
0,2435703268783929,2435703268783929,2435703253000000,2435703261000000,2435703269177817,2435703269959067,2435703270159067,2435703270383546,2435703270506463,2435703270661150,2435703271013234,2435703273671046,2435703275270005,
0,2435703285077500,2435703285077500,2435703270000000,2435703278000000,2435703285340838,2435703286068442,2435703286120525,2435703286313755,2435703286439796,2435703286583546,2435703286890838,2435703289500213,2435703291596567,
0,2435703301669318,2435703301669318,2435703286000000,2435703294000000,2435703302115838,2435703302935630,2435703302992400,2435703303214275,2435703303354900,2435703303523650,2435703303996567,2435703306568442,2435703308461671,
0,2435703318261019,2435703318261019,2435703303000000,2435703311000000,2435703318586671,2435703319396567,2435703319451775,2435703319670525,2435703319825213,2435703319993442,2435703320437192,2435703323395525,2435703325608025,
0,2435703334852579,2435703334852579,2435703319000000,2435703327000000,2435703335199692,2435703335996567,2435703336051775,2435703336273650,2435703336417400,2435703336596046,2435703336956984,2435703339310109,2435703341519484,
0,2435703351443868,2435703351443868,2435703336000000,2435703344000000,2435703351820005,2435703352685109,2435703352743442,2435703352982505,2435703353135630,2435703353308546,2435703353680942,2435703357188234,2435703359707505,
0,2435703368035317,2435703368035317,2435703352000000,2435703360000000,2435703368395005,2435703369260629,2435703369320004,2435703369554900,2435703369700734,2435703369873650,2435703370289796,2435703372993442,2435703375231463,
0,2435703384626641,2435703384626641,2435703369000000,2435703377000000,2435703384992400,2435703385851254,2435703385912713,2435703386151775,2435703386305942,2435703386477296,2435703386837192,2435703389495004,2435703391900213,
0,2435703401218076,2435703401218076,2435703386000000,2435703394000000,2435703401550734,2435703402304900,2435703402410629,2435703402620525,2435703402752817,2435703402908546,2435703403297609,2435703405715317,2435703407733025,
0,2435703417809508,2435703417809508,2435703402000000,2435703410000000,2435703418144484,2435703418922088,2435703418978859,2435703419202817,2435703419338754,2435703419515317,2435703419831984,2435703422277296,2435703424369484,
0,2435703434400653,2435703434400653,2435703419000000,2435703427000000,2435703434761671,2435703435558546,2435703435615317,2435703435835109,2435703435968442,2435703436205942,2435703437242921,2435703441108025,2435703443264275,
0,2435703450991844,2435703450991844,9223372036854775807,0,2435703451439275,2435703451462192,2435703451719484,2435703451805942,2435703451865838,2435703452007504,2435703452317921,2435703454685109,2435703456710629,

0,2435704048240923,2435704048240923,2435704032000000,2435704040000000,2435704048744484,2435704048899692,2435704048912192,2435704048980942,2435704049033025,2435704049240838,2435704049547609,2435704052062192,2435704055124171,
0,2435704064831452,2435704064831452,2435704049000000,2435704057000000,2435704065160109,2435704065288234,2435704065300213,2435704065329900,2435704065346567,2435704065527296,2435704065823129,2435704068006984,2435704070090317,
0,2435704081422434,2435704081422434,2435704065000000,2435704073000000,2435704081730942,2435704081846567,2435704081858025,2435704081900213,2435704081916879,2435704082044484,2435704082320004,2435704084218963,2435704086334067,
0,2435704098012762,2435704098012762,2435704084000000,2435704092000000,2435704098336150,2435704098449171,2435704098462192,2435704098488754,2435704098506984,2435704099009067,2435704099280942,2435704101415317,2435704103376775,
0,2435704114603153,2435704114603153,2435704098000000,2435704105000000,2435704114963234,2435704115165317,2435704115184588,2435704115232504,2435704115256463,2435704115395004,2435704115680421,2435704118073129,2435704119830942,
0,2435704131193452,2435704131193452,2435704115000000,2435704123000000,2435704131585109,2435704131815317,2435704131837713,2435704131896046,2435704131928338,2435704132042921,2435704132319484,2435704134329379,2435704136260629,
0,2435704147783821,2435704147783821,2435704132000000,2435704140000000,2435704148210109,2435704148661671,2435704148692921,2435704148800734,2435704148868442,2435704149026254,2435704149347609,2435704151622609,2435704153752817,
0,2435704164888103,2435704164888103,2435704148000000,2435704156000000,2435704165235629,2435704165631984,2435704165654900,2435704165742400,2435704165801254,2435704165929379,2435704166233546,2435704168232504,2435704170186150,
0,2435704181478560,2435704181478560,2435704165000000,2435704173000000,2435704181878338,2435704182230421,2435704182252296,2435704182333025,2435704182385629,2435704182527817,2435704182816879,2435704184888754,2435704186531984,
0,2435704198068958,2435704198068958,2435704182000000,2435704190000000,2435704198475213,2435704198849692,2435704198872088,2435704198950213,2435704199002817,2435704199135629,2435704199420004,2435704201587713,2435704203192400,
0,2435704214659353,2435704214659353,2435704199000000,2435704207000000,2435704215061150,2435704215440838,2435704215461150,2435704215549171,2435704215601775,2435704215736150,2435704216056463,2435704218115838,2435704219754900,
0,2435704231249786,2435704231249786,2435704215000000,2435704223000000,2435704231494484,2435704231882504,2435704231902296,2435704231979900,2435704232034067,2435704232168963,2435704232451775,2435704234553338,2435704236324692,
0,2435704247836034,2435704247836034,2435704232000000,2435704240000000,2435704248040838,2435704248415838,2435704248435629,2435704248511150,2435704248561671,2435704248824171,2435704249110109,2435704251606984,2435704253502817,
0,2435704264425441,2435704264425441,2435704248000000,2435704256000000,2435704264676254,2435704265033025,2435704265053859,2435704265130421,2435704265180421,2435704265327817,2435704265634067,2435704267994484,2435704269786671,
0,2435704281014661,2435704281014661,2435704265000000,2435704273000000,2435704281436150,2435704281786150,2435704281807504,2435704281881463,2435704281931984,2435704282070525,2435704282380942,2435704284833546,2435704286625734,
0,2435704297603783,2435704297603783,2435704282000000,2435704290000000,2435704298020004,2435704298375734,2435704298396046,2435704298470004,2435704298523650,2435704298661671,2435704298962713,2435704301565317,2435704303818963,
0,2435704314193019,2435704314193019,9223372036854775807,0,2435704314593442,2435704314614275,2435704314856463,2435704314939796,2435704314995525,2435704315130942,2435704315441879,2435704317817921,2435704319841879,

0,2435704911370169,2435704911370169,2435704895000000,2435704903000000,2435704911721567,2435704911971567,2435704911991358,2435704912089275,2435704912153338,2435704912424692,2435704912729379,2435704915045004,2435704917959067,
0,2435704927959527,2435704927959527,2435704912000000,2435704920000000,2435704928316879,2435704928539796,2435704928559588,2435704928613754,2435704928642400,2435704928778858,2435704929081463,2435704931399692,2435704934671567,
0,2435704944549080,2435704944549080,2435704928000000,2435704936000000,2435704945592400,2435704946061150,2435704946088754,2435704946187192,2435704946258025,2435704946395525,2435704946754379,2435704949134067,2435704951301254,
0,2435704961137974,2435704961137974,2435704946000000,2435704954000000,2435704962214275,2435704962674692,2435704962703858,2435704962806983,2435704962871567,2435704963035108,2435704963354379,2435704965561671,2435704967870525,
0,2435704977726819,2435704977726819,2435704962000000,2435704970000000,2435704978805942,2435704979267921,2435704979293442,2435704979393442,2435704979456463,2435704979591358,2435704979945525,2435704982709588,2435704984695525,
0,2435704994315688,2435704994315688,2435704979000000,2435704987000000,2435704994723129,2435704995174692,2435704995204379,2435704995310629,2435704995379900,2435704995530942,2435704995881983,2435704998147088,2435705000246567,
0,2435705011397306,2435705011397306,2435704995000000,2435705003000000,2435705011765317,2435705012228858,2435705012258546,2435705012365838,2435705012437192,2435705012590838,2435705012896567,2435705015467921,2435705017630942,
0,2435705027986482,2435705027986482,2435705012000000,2435705020000000,2435705028356463,2435705028725213,2435705028751775,2435705028837713,2435705028892400,2435705029026775,2435705029310108,2435705031588233,2435705033370525,
0,2435705044575666,2435705044575666,2435705029000000,2435705037000000,2435705045072608,2435705045437713,2435705045458025,2435705045541879,2435705045598129,2435705045870525,2435705046158025,2435705048272608,2435705050409588,
0,2435705061164704,2435705061164704,2435705045000000,2435705053000000,2435705061573650,2435705061928858,2435705061953338,2435705062030421,2435705062086150,2435705062222088,2435705062510629,2435705064712713,2435705066434588,
0,2435705077750958,2435705077750958,2435705062000000,2435705070000000,2435705078323129,2435705078668963,2435705078688754,2435705078765317,2435705078821046,2435705078988754,2435705079268963,2435705081461150,2435705083183025,
0,2435705094326684,2435705094326684,2435705078000000,2435705086000000,2435705094676775,2435705095045525,2435705095064275,2435705095138233,2435705095187713,2435705095318442,2435705095603858,2435705097813754,2435705099461671,
0,2435705110913258,2435705110913258,2435705095000000,2435705103000000,2435705111309067,2435705111662713,2435705111684067,2435705111759067,2435705111810629,2435705111945525,2435705112225733,2435705114245525,2435705115875213,
0,2435705127499669,2435705127499669,2435705111000000,2435705119000000,2435705127889275,2435705128228858,2435705128248650,2435705128321567,2435705128370004,2435705128502296,2435705128781463,2435705131073650,2435705132906983,
0,2435705144086023,2435705144086023,2435705128000000,2435705136000000,2435705144341879,2435705144696567,2435705144716358,2435705144789275,2435705144846567,2435705145127296,2435705145434067,2435705147782504,2435705149598129,
0,2435705160672344,2435705160672344,2435705145000000,2435705153000000,2435705161075733,2435705161416358,2435705161436150,2435705161512713,2435705161564275,2435705161699171,2435705161996567,2435705165654379,2435705167492921,
0,2435705177258560,2435705177258560,9223372036854775807,0,2435705177675733,2435705177696046,2435705177930942,2435705178009588,2435705178066358,2435705178237713,2435705178547608,2435705181324171,2435705183474171,

0,2435705807491189,2435705807491189,2435705792000000,2435705800000000,2435705807976254,2435705808132504,2435705808145004,2435705808214796,2435705808267400,2435705808404379,2435705808704900,2435705811105421,2435705814101254,
0,2435705824077811,2435705824077811,2435705808000000,2435705816000000,2435705824405421,2435705824541879,2435705824554379,2435705824587192,2435705824612192,2435705824963233,2435705825265317,2435705827555942,2435705829886671,
0,2435705840664791,2435705840664791,2435705824000000,2435705832000000,2435705840971567,2435705841084067,2435705841095525,2435705841124692,2435705841138754,2435705841539275,2435705842122608,2435705844733546,2435705846792400,
0,2435705857251022,2435705857251022,2435705841000000,2435705849000000,2435705857730942,2435705857845004,2435705857857504,2435705857883025,2435705857897608,2435705858443962,2435705858993962,2435705861399171,2435705863559587,
0,2435705873837286,2435705873837286,2435705858000000,2435705866000000,2435705874295525,2435705874409067,2435705874420525,2435705874446567,2435705874460108,2435705874652296,2435705874925733,2435705877188754,2435705878735629,
0,2435705891091821,2435705891091821,2435705874000000,2435705882000000,2435705891487192,2435705891871046,2435705891891358,2435705891973650,2435705892029379,2435705892160108,2435705892438233,2435705894376775,2435705896063754,
0,2435705907678002,2435705907678002,2435705892000000,2435705900000000,2435705908084067,2435705908410629,2435705908431462,2435705908503858,2435705908553858,2435705908686150,2435705908958546,2435705911001254,2435705912618442,
0,2435705924264428,2435705924264428,2435705908000000,2435705916000000,2435705924509587,2435705924854379,2435705924874171,2435705924947608,2435705924997608,2435705925125733,2435705925402817,2435705927358546,2435705928957504,
0,2435705940850837,2435705940850837,2435705925000000,2435705933000000,2435705941106983,2435705941450212,2435705941469483,2435705941543962,2435705941595004,2435705941729379,2435705942003337,2435705943939275,2435705945507504,
0,2435705957437263,2435705957437263,2435705941000000,2435705949000000,2435705957677296,2435705958042921,2435705958062712,2435705958134067,2435705958188754,2435705958316879,2435705958593962,2435705960923129,2435705962630421,
0,2435705974049121,2435705974049121,2435705958000000,2435705966000000,2435705974394483,2435705974713233,2435705974732504,2435705974802817,2435705974851775,2435705974981983,2435705975250212,2435705977227817,2435705978821567,
0,2435705990637559,2435705990637559,2435705975000000,2435705983000000,2435705991087192,2435705991416879,2435705991436671,2435705991505421,2435705991553858,2435705991691358,2435705991987192,2435705994726254,2435705996568442,
0,2435706007228802,2435706007228802,2435705991000000,2435705999000000,2435706007485629,2435706007810629,2435706007829900,2435706007902296,2435706007951254,2435706008091879,2435706008386150,2435706010751775,2435706012963754,
0,2435706023820164,2435706023820164,2435706008000000,2435706016000000,2435706024079900,2435706024413233,2435706024432504,2435706024510108,2435706024560108,2435706024696567,2435706024999692,2435706027519483,2435706029354900,
0,2435706040411410,2435706040411410,2435706024000000,2435706032000000,2435706040673650,2435706041001254,2435706041021046,2435706041091879,2435706041139796,2435706041278858,2435706041575212,2435706043889275,2435706045667400,
0,2435706057002686,2435706057002686,2435706041000000,2435706049000000,2435706057254379,2435706057591879,2435706057611150,2435706057681983,2435706057730421,2435706057867400,2435706058175733,2435706060719483,2435706062531462,
0,2435706073594081,2435706073594081,2435706057000000,2435706065000000,2435706073836671,2435706074155942,2435706074176254,2435706074263754,2435706074311150,2435706074451775,2435706074749692,2435706078061150,2435706079896046,
0,2435706090185433,2435706090185433,9223372036854775807,0,2435706090584587,2435706090605421,2435706090833546,2435706090917400,2435706090976775,2435706091257504,2435706091567921,2435706094372087,2435706096711671,
