com.dianping.v1/com.dianping.v1.NovaMainActivity/android.view.ViewRootImpl@d495178 (visibility=0)
0,2434622210682128,2434622210682128,9223372036854775807,0,2434622211150899,2434622211200899,2434622211393086,2434622211592565,2434622211789440,2434622212715482,2434622213585794,2434622218495169,2434622222014440,
0,2434622260471305,2434622260471305,9223372036854775807,0,2434622260915482,2434622260970690,2434622261256107,2434622261494649,2434622261726419,2434622262943086,2434622263905586,2434622268524336,2434622272768607,
0,2434622293663460,2434622293663460,9223372036854775807,0,2434622294152982,2434622294208711,2434622294405586,2434622294614440,2434622294822774,2434622295793607,2434622296748815,2434622301658711,2434622305157669,
0,2434622343452677,2434622343452677,9223372036854775807,0,2434622343873294,2434622343926419,2434622344137878,2434622344348294,2434622344573815,2434622345652982,2434622346688399,2434622351873815,2434622356202461,
0,2434622376644414,2434622376644414,9223372036854775807,0,2434622377144649,2434622377197253,2434622377389440,2434622377589440,2434622377787878,2434622378721211,2434622379686836,2434622384380586,2434622387735274,
0,2434622426432973,2434622426432973,9223372036854775807,0,2434622426871211,2434622426923815,2434622427126419,2434622427339961,2434622427544128,2434622428578503,2434622429546732,2434622434825378,2434622438911315,
0,2434622459625074,2434622459625074,9223372036854775807,0,2434622460179544,2434622460233711,2434622460448815,2434622460653503,2434622460855586,2434622462243607,2434622463172253,2434622467701419,2434622471138399,
0,2434622509414022,2434622509414022,9223372036854775807,0,2434622509839961,2434622509894128,2434622510442044,2434622510672253,2434622510894128,2434622511871732,2434622512810794,2434622517561836,2434622521742044,
0,2434622542606201,2434622542606201,9223372036854775807,0,2434622543077461,2434622543129544,2434622543324336,2434622543520690,2434622543720690,2434622544701419,2434622545597253,2434622550365482,2434622553783711,
0,2434622592395035,2434622592395035,9223372036854775807,0,2434622592832149,2434622592885794,2434622593085274,2434622593302982,2434622593511315,2434622594436315,2434622595345690,2434622600258711,2434622604861836,
0,2434622625587260,2434622625587260,9223372036854775807,0,2434622626046211,2434622626095169,2434622626283190,2434622626476940,2434622626671211,2434622627680065,2434622628564440,2434622633186836,2434622636558190,
0,2434622675375794,2434622675375794,9223372036854775807,0,2434622675810794,2434622675864961,2434622676120169,2434622676382149,2434622676610794,2434622678173294,2434622679261836,2434622684125899,2434622688345690,
0,2434622708567927,2434622708567927,9223372036854775807,0,2434622709036315,2434622709086836,2434622709277982,2434622709488399,2434622709687878,2434622710701419,2434622711577461,2434622716017044,2434622719206628,
0,2434622758357160,2434622758357160,9223372036854775807,0,2434622758773294,2434622758829024,2434622759036836,2434622759261315,2434622759491003,2434622761149857,2434622762108190,2434622766817044,2434622771041524,
0,2434622791548102,2434622791548102,9223372036854775807,0,2434622792155586,2434622792224857,2434622792469128,2434622792736836,2434622793028503,2434622794318607,2434622795447253,2434622800256628,2434622803686315,
0,2434622841337285,2434622841337285,9223372036854775807,0,2434622841767565,2434622841820690,2434622842012357,2434622842256107,2434622842481107,2434622843623815,2434622844571732,2434622849317044,2434622853513399,
0,2434622874529543,2434622874529543,9223372036854775807,0,2434622874971732,2434622875071211,2434622875258190,2434622875456107,2434622875653503,2434622876626940,2434622877550378,2434622882718086,2434622886028503,
0,2434622924318393,2434622924318393,9223372036854775807,0,2434622924747774,2434622924802982,2434622925016003,2434622925226419,2434622925425378,2434622926510794,2434622927435794,2434622932361836,2434622938151940,
0,2434622957510721,2434622957510721,9223372036854775807,0,2434622957970169,2434622958022253,2434622958209753,2434622958405586,2434622958605065,2434622959634753,2434622960617044,2434622965271732,2434622968617044,
0,2434623007298652,2434623007298652,9223372036854775807,0,2434623007878503,2434623007932669,2434623008143607,2434623008360274,2434623008583190,2434623009624857,2434623010797774,2434623015736315,2434623020671732,
0,2434623040490945,2434623040490945,9223372036854775807,0,2434623040982149,2434623041034753,2434623041245169,2434623041461315,2434623041664961,2434623042750378,2434623043662357,2434623048205065,2434623051674336,
0,2434623090279885,2434623090279885,9223372036854775807,0,2434623090887357,2434623090940482,2434623091180065,2434623091404544,2434623091606628,2434623092773815,2434623093709232,2434623100873294,2434623105065482,
0,2434623123472191,2434623123472191,9223372036854775807,0,2434623123947253,2434623124001419,2434623124204023,2434623124415482,2434623124616003,2434623125695169,2434623126622773,2434623131366003,2434623134895169,
0,2434623173260846,2434623173260846,9223372036854775807,0,2434623173663919,2434623173714961,2434623173902461,2434623174107669,2434623174360794,2434623175396732,2434623176274857,2434623181575898,2434623185689440,
0,2434623206451391,2434623206451391,9223372036854775807,0,2434623207023294,2434623207072773,2434623207259232,2434623207448815,2434623207641003,2434623208596732,2434623209463919,2434623214018607,2434623218119648,
0,2434623256239883,2434623256239883,9223372036854775807,0,2434623256699857,2434623256752982,2434623256964961,2434623257173815,2434623257373294,2434623259084753,2434623259964440,2434623264674857,2434623269188919,
0,2434623289432298,2434623289432298,9223372036854775807,0,2434623289876419,2434623289925898,2434623290159753,2434623290365482,2434623290562357,2434623291662878,2434623292557148,2434623297646732,2434623301523294,
0,2434623339221384,2434623339221384,9223372036854775807,0,2434623339816523,2434623339874336,2434623340222253,2434623340450378,2434623340696211,2434623342069648,2434623343026940,2434623347779544,2434623352185273,
0,2434623372413568,2434623372413568,9223372036854775807,0,2434623372889440,2434623372943607,2434623373137878,2434623373351419,2434623373572253,2434623374976419,2434623375943607,2434623381221211,2434623384688919,
0,2434623422202767,2434623422202767,9223372036854775807,0,2434623422649857,2434623422706107,2434623422926940,2434623423139961,2434623423351419,2434623424511315,2434623425441003,2434623430261315,2434623434384753,
0,2434623455395274,2434623455395274,9223372036854775807,0,2434623455848815,2434623455901419,2434623456094648,2434623456295690,2434623456499336,2434623457709753,2434623458653503,2434623463570690,2434623466934232,
0,2434623505184198,2434623505184198,9223372036854775807,0,2434623505601940,2434623505657148,2434623505854544,2434623506131628,2434623506355586,2434623507437357,2434623508365482,2434623513221211,2434623517309753,
0,2434623538376434,2434623538376434,9223372036854775807,0,2434623538882148,2434623538935794,2434623539358711,2434623539573815,2434623539950898,2434623541698815,2434623542622773,2434623547157148,2434623550720169,
0,2434623588164673,2434623588164673,9223372036854775807,0,2434623588775898,2434623588829544,2434623589035273,2434623589242565,2434623589445169,2434623590824857,2434623591748294,2434623596321732,2434623600589440,
0,2434623621356986,2434623621356986,9223372036854775807,0,2434623622016003,2434623622069128,2434623622287878,2434623622493086,2434623622689440,2434623623612357,2434623624526419,2434623629067044,2434623632445169,
0,2434623671145290,2434623671145290,9223372036854775807,0,2434623671711836,2434623671763398,2434623671960273,2434623672162357,2434623672376419,2434623673373294,2434623674254023,2434623678846732,2434623682914440,
0,2434623704337349,2434623704337349,9223372036854775807,0,2434623704811836,2434623704863919,2434623705055586,2434623705305065,2434623705504023,2434623706614961,2434623707536836,2434623712188398,2434623715427982,
0,2434623754126100,2434623754126100,9223372036854775807,0,2434623754540482,2434623754591523,2434623754786836,2434623755000898,2434623755203503,2434623756307148,2434623757234232,2434623762042044,2434623766131628,
0,2434623803914762,2434623803914762,9223372036854775807,0,2434623804333711,2434623804389440,2434623804601940,2434623804836315,2434623805039961,2434623806321732,2434623807264440,2434623811946732,2434623816008711,
0,2434623837106989,2434623837106989,9223372036854775807,0,2434623837570690,2434623837623294,2434623837805065,2434623838002982,2434623838217565,2434623839636315,2434623840621211,2434623845272253,2434623848639440,
0,2434623886895334,2434623886895334,9223372036854775807,0,2434623887268607,2434623887319648,2434623887500898,2434623887689961,2434623887881107,2434623888929023,2434623889812357,2434623894455065,2434623899294128,
0,2434623920087379,2434623920087379,9223372036854775807,0,2434623920612878,2434623920669128,2434623920889961,2434623921116003,2434623921347773,2434623922444128,2434623923395169,2434623928158190,2434623931776419,
0,2434623969876008,2434623969876008,9223372036854775807,0,2434623970383711,2434623970439961,2434623970648294,2434623970870169,2434623971093086,2434623972099857,2434623973063919,2434623977718086,2434623982538919,
0,2434624003068303,2434624003068303,9223372036854775807,0,2434624003547253,2434624003602461,2434624003798294,2434624004004544,2434624004244648,2434624005379023,2434624006318086,2434624011186315,2434624015237878,
0,2434624052857168,2434624052857168,9223372036854775807,0,2434624053259232,2434624053312357,2434624053508190,2434624053712357,2434624053922773,2434624054864961,2434624055807148,2434624060625378,2434624065120690,
0,2434624086049524,2434624086049524,9223372036854775807,0,2434624086490482,2434624086540482,2434624086719648,2434624086912878,2434624087105586,2434624088136315,2434624088999336,2434624095457148,2434624098932669,
0,2434624135838625,2434624135838625,9223372036854775807,0,2434624136237878,2434624136291523,2434624136518607,2434624136724857,2434624136923294,2434624138248815,2434624139179023,2434624144205586,2434624148319648,
0,2434624169031028,2434624169031028,9223372036854775807,0,2434624169644128,2434624169696732,2434624169888398,2434624170158190,2434624170379544,2434624171618086,2434624172555586,2434624177274857,2434624181093086,
0,2434624218819608,2434624218819608,9223372036854775807,0,2434624219270169,2434624219320690,2434624219520690,2434624219777982,2434624219974857,2434624222149857,2434624223049857,2434624227837877,2434624231943086,
0,2434624252011976,2434624252011976,9223372036854775807,0,2434624252477982,2434624252530586,2434624252709232,2434624252906627,2434624253101419,2434624254009752,2434624254873294,2434624259544127,2434624262958190,
0,2434624301800905,2434624301800905,9223372036854775807,0,2434624302235273,2434624302286836,2434624302489961,2434624302715482,2434624302922252,2434624304072252,2434624305005586,2434624309842565,2434624314322252,
0,2434624334992871,2434624334992871,9223372036854775807,0,2434624335478502,2434624335530065,2434624335720690,2434624335933711,2434624336157148,2434624337111836,2434624338019127,2434624343122773,2434624347180065,
0,2434624384780312,2434624384780312,9223372036854775807,0,2434624385368086,2434624385423815,2434624385658190,2434624385868607,2434624386070690,2434624387919127,2434624388857669,2434624393754544,2434624397848294,
0,2434624417972527,2434624417972527,9223372036854775807,0,2434624418442044,2434624418492044,2434624418693086,2434624418897773,2434624419094648,2434624423280586,2434624424170690,2434624428898815,2434624433068086,
0,2434624467761693,2434624467761693,9223372036854775807,0,2434624468246732,2434624468304023,2434624468547773,2434624468769648,2434624468993607,2434624470258190,2434624471233711,2434624476032148,2434624480908190,
0,2434624500953434,2434624500953434,9223372036854775807,0,2434624501447773,2434624501503502,2434624501710794,2434624501923815,2434624502161315,2434624503125898,2434624504071732,2434624509042565,2434624512648294,
0,2434624550742737,2434624550742737,9223372036854775807,0,2434624551330586,2434624551384752,2434624551591002,2434624551806107,2434624552035273,2434624553986836,2434624554944127,2434624559530586,2434624563717565,
0,2434624583935158,2434624583935158,9223372036854775807,0,2434624584399336,2434624584454023,2434624584647252,2434624584857148,2434624585074336,2434624586124857,2434624587068607,2434624591976940,2434624595382148,
0,2434624633724055,2434624633724055,9223372036854775807,0,2434624634112877,2434624634162877,2434624634372773,2434624634570169,2434624634758190,2434624635824857,2434624636776419,2434624641754023,2434624645829544,
0,2434624666916156,2434624666916156,9223372036854775807,0,2434624667397773,2434624667447252,2434624667642565,2434624667842565,2434624668062357,2434624670075377,2434624671060273,2434624675760273,2434624679282669,
0,2434624716704995,2434624716704995,9223372036854775807,0,2434624717127461,2434624717183711,2434624717383190,2434624717589440,2434624717793086,2434624719670169,2434624720775377,2434624725506627,2434624730323815,
0,2434624749895352,2434624749895352,9223372036854775807,0,2434624750519648,2434624750570690,2434624750788919,2434624751035273,2434624751231107,2434624752176419,2434624753037877,2434624757484752,2434624760842565,
0,2434624799684916,2434624799684916,9223372036854775807,0,2434624800785794,2434624800843607,2434624801074857,2434624801301940,2434624801545690,2434624802764440,2434624803715482,2434624808302461,2434624812567044,
0,2434624832877134,2434624832877134,9223372036854775807,0,2434624833363919,2434624833418086,2434624833606627,2434624833822252,2434624834071211,2434624835170169,2434624836133711,2434624840977982,2434624844304023,
0,2434624882663621,2434624882663621,9223372036854775807,0,2434624883078502,2434624883132148,2434624883486315,2434624883709752,2434624883913398,2434624885143607,2434624886131107,2434624891300898,2434624895415482,
0,2434624915856056,2434624915856056,9223372036854775807,0,2434624916313919,2434624916367044,2434624916559232,2434624916758711,2434624916956627,2434624918220169,2434624919281627,2434624924151419,2434624927552982,
0,2434624965645196,2434624965645196,9223372036854775807,0,2434624966069648,2434624966123294,2434624966357669,2434624966615482,2434624966855586,2434624968068607,2434624968992044,2434624973693086,2434624978450377,
0,2434624998837620,2434624998837620,9223372036854775807,0,2434624999346732,2434624999400898,2434624999613398,2434624999820690,2434625000171732,2434625001514961,2434625002451419,2434625007142565,2434625010611836,
0,2434625048626654,2434625048626654,9223372036854775807,0,2434625049036836,2434625049090482,2434625049291523,2434625049493086,2434625049696732,2434625050845169,2434625051822252,2434625056562877,2434625060960273,
0,2434625081819205,2434625081819205,9223372036854775807,0,2434625082279544,2434625082332148,2434625082525377,2434625082723294,2434625082918086,2434625083949857,2434625084857669,2434625089402982,2434625092844648,
0,2434625131608036,2434625131608036,9223372036854775807,0,2434625132073815,2434625132125377,2434625132326419,2434625132534752,2434625132732669,2434625133706107,2434625134659752,2434625139703502,2434625143795169,
0,2434625164800462,2434625164800462,9223372036854775807,0,2434625165238919,2434625165289961,2434625165472773,2434625165661836,2434625165877982,2434625167054023,2434625167936836,2434625172538398,2434625175934752,
0,2434625214589635,2434625214589635,9223372036854775807,0,2434625215037877,2434625215090482,2434625215292044,2434625215507148,2434625215727461,2434625216829023,2434625217794127,2434625222630065,2434625227086836,
0,2434625247781717,2434625247781717,9223372036854775807,0,2434625248271732,2434625248324857,2434625248520169,2434625248739961,2434625248967044,2434625250185273,2434625251134752,2434625255808190,2434625260176940,
0,2434625297570556,2434625297570556,9223372036854775807,0,2434625297963919,2434625298019127,2434625298208190,2434625298414440,2434625298639961,2434625299951940,2434625300977982,2434625305697773,2434625309837356,
0,2434625330762847,2434625330762847,9223372036854775807,0,2434625331248294,2434625331302461,2434625331498294,2434625331710273,2434625331954023,2434625333121211,2434625334076940,2434625338741523,2434625342289440,
0,2434625380551767,2434625380551767,9223372036854775807,0,2434625381011836,2434625381067044,2434625381475898,2434625381705586,2434625381909231,2434625382907148,2434625383841523,2434625388562877,2434625392548294,
0,2434625413743998,2434625413743998,9223372036854775807,0,2434625414218606,2434625414272773,2434625414459752,2434625414660273,2434625414858190,2434625415886315,2434625416803502,2434625421552981,2434625424870690,
0,2434625463531909,2434625463531909,9223372036854775807,0,2434625463956106,2434625464009752,2434625464210273,2434625464432669,2434625464637877,2434625465786315,2434625466703502,2434625471506627,2434625476556627,
0,2434625496724154,2434625496724154,9223372036854775807,0,2434625497180586,2434625497232148,2434625497422252,2434625497621211,2434625497839440,2434625498859752,2434625499945169,2434625504769127,2434625508047252,
0,2434625546513074,2434625546513074,9223372036854775807,0,2434625546920169,2434625546972773,2434625547169648,2434625547366002,2434625547559231,2434625548776419,2434625549734231,2434625554574336,2434625559513398,
0,2434625579705202,2434625579705202,9223372036854775807,0,2434625580251419,2434625580305586,2434625580521731,2434625580723815,2434625580919648,2434625582075898,2434625582977461,2434625587502981,2434625591470690,
0,2434625629494285,2434625629494285,9223372036854775807,0,2434625629869127,2434625629918606,2434625630311836,2434625630529544,2434625630727981,2434625631747773,2434625632622773,2434625637358190,2434625642968086,
0,2434625662686695,2434625662686695,9223372036854775807,0,2434625663160273,2434625663213398,2434625663407669,2434625663610273,2434625663835794,2434625664943606,2434625665868606,2434625670677981,2434625673992044,
0,2434625712475630,2434625712475630,9223372036854775807,0,2434625712894127,2434625712949336,2434625713191523,2434625713407148,2434625713614961,2434625714606106,2434625715595169,2434625721275898,2434625725400898,
0,2434625762262295,2434625762262295,9223372036854775807,0,2434625762640481,2434625762687877,2434625762866523,2434625763055065,2434625763291523,2434625764188919,2434625765060794,2434625769661836,2434625773659752,
0,2434625795454506,2434625795454506,9223372036854775807,0,2434625795950898,2434625796006627,2434625796209231,2434625796466002,2434625796693606,2434625798100377,2434625799082148,2434625804168086,2434625807590481,
0,2434625845243751,2434625845243751,9223372036854775807,0,2434625845638919,2434625845689440,2434625845871731,2434625846066523,2434625846282669,2434625847246731,2434625848145169,2434625852957148,2434625856949336,
0,2434625878435968,2434625878435968,9223372036854775807,0,2434625879027981,2434625879082148,2434625879489440,2434625879894127,2434625881114440,2434625882088398,2434625883006627,2434625887509231,2434625891058190,
0,2434625928224993,2434625928224993,9223372036854775807,0,2434625928666002,2434625928721731,2434625928950898,2434625929159752,2434625929359752,2434625930876940,2434625931808190,2434625936358190,2434625940596211,
0,2434625961417280,2434625961417280,9223372036854775807,0,2434625961914961,2434625961963919,2434625962158190,2434625962353502,2434625962543086,2434625963497773,2434625964390481,2434625969031106,2434625972514961,
0,2434626011206394,2434626011206394,9223372036854775807,0,2434626011653502,2434626011704544,2434626011919127,2434626012124856,2434626012345690,2434626013506106,2434626014524856,2434626019118086,2434626023257148,
0,2434626044398353,2434626044398353,9223372036854775807,0,2434626044886315,2434626044936836,2434626045127981,2434626045331627,2434626045525377,2434626046445690,2434626047341002,2434626052364440,2434626056056106,
0,2434626094187279,2434626094187279,9223372036854775807,0,2434626094613919,2434626094667044,2434626094868606,2434626095065481,2434626095266523,2434626096459231,2434626097386315,2434626102419648,2434626106454544,
0,2434626127379642,2434626127379642,9223372036854775807,0,2434626127847252,2434626127898815,2434626128094127,2434626128314440,2434626128511315,2434626129472252,2434626130452981,2434626135072252,2434626138411836,
0,2434626177166176,2434626177166176,9223372036854775807,0,2434626177588398,2434626177641523,2434626177842044,2434626178056106,2434626178270690,2434626179226940,2434626180722252,2434626185467565,2434626189651940,
0,2434626210359204,2434626210359204,2434626184000000,2434626184000000,2434626210714440,2434626211651940,2434626211717044,2434626211866523,2434626212018606,2434626212658190,2434626213282148,2434626215610273,2434626217805065,
0,2434626243552839,2434626243552839,2434626228000000,2434626236000000,2434626243912356,2434626245686315,2434626245742044,2434626246112356,2434626246469127,2434626246589961,2434626247365481,2434626253959752,2434626256706106,
0,2434626260149709,2434626260149709,2434626246000000,2434626254000000,2434626260444127,2434626261389961,2434626261450898,2434626261600898,2434626262031627,2434626264102461,2434626264766523,2434626270066523,2434626272139961,
0,2434626276746121,2434626276746121,2434626262000000,2434626270000000,2434626277083711,2434626278063919,2434626278121731,2434626278279544,2434626278663919,2434626278938919,2434626279667044,2434626285320169,2434626287402981,
0,2434626293342514,2434626293342514,2434626278000000,2434626286000000,2434626293649856,2434626294644127,2434626294704544,2434626294846211,2434626295267565,2434626296400898,2434626297027461,2434626304198294,2434626306253502,
0,2434626309938815,2434626309938815,2434626294000000,2434626302000000,2434626310290481,2434626311394648,2434626311453502,2434626311603502,2434626311997252,2434626312111315,2434626312816002,2434626317658190,2434626319898294,
0,2434626326535219,2434626326535219,2434626311000000,2434626319000000,2434626326870690,2434626327959231,2434626328800898,2434626328993606,2434626329816002,2434626329919648,2434626330580065,2434626335456627,2434626337576419,
0,2434626343131669,2434626343131669,2434626328000000,2434626336000000,2434626343451419,2434626345412877,2434626345488919,2434626346034231,2434626346541002,2434626347243086,2434626347907148,2434626353414961,2434626355521211,
0,2434626359728059,2434626359728059,2434626344000000,2434626352000000,2434626360093606,2434626361082669,2434626361143606,2434626361348294,2434626361734231,2434626362610794,2434626363557669,2434626368606627,2434626370874856,
0,2434626376324390,2434626376324390,2434626361000000,2434626369000000,2434626376632148,2434626384716523,2434626384776419,2434626385186315,2434626386957148,2434626387632148,2434626388369648,2434626393907148,2434626396560794,
0,2434626392920221,2434626392920221,2434626384000000,2434626384000000,2434626394798815,2434626395652460,2434626395711835,2434626398106627,2434626399510273,2434626399606106,2434626400719127,2434626406900898,2434626410764960,
0,2434626409517116,2434626409517116,2434626395000000,2434626400500000,2434626409802981,2434626410833710,2434626411135794,2434626411297773,2434626411679023,2434626411892044,2434626413191523,2434626418599856,2434626429974335,
0,2434626426113544,2434626426113544,2434626411000000,2434626419000000,2434626426411835,2434626428660273,2434626428712877,2434626429245169,2434626429733190,2434626430722252,2434626431696210,2434626436946731,2434626444122252,
0,2434626442709888,2434626442709888,2434626428000000,2434626436000000,2434626443304544,2434626444284231,2434626444345690,2434626446529023,2434626447376940,2434626447474856,2434626448284752,2434626453200898,2434626463792044,
0,2434626459306115,2434626459306115,2434626444000000,2434626452000000,2434626459656627,2434626461951940,2434626462025898,2434626462177981,2434626462750898,2434626464687356,2434626465588398,2434626472721731,2434626477062877,
0,2434626475902535,2434626475902535,2434626461000000,2434626469000000,2434626476408190,2434626477457148,2434626477516523,2434626477657148,2434626478016523,2434626478335794,2434626479096731,2434626483852981,2434626493770169,
0,2434626492499123,2434626492499123,2434626477000000,2434626485000000,2434626492796731,2434626493682669,2434626494408190,2434626494583710,2434626494963919,2434626495076940,2434626495937877,2434626502104544,2434626510930065,
0,2434626509095440,2434626509095440,9223372036854775807,0,2434626509488919,2434626509509231,2434626509702981,2434626509757669,2434626509907148,2434626511667044,2434626512507669,2434626522477981,2434626527038919,
0,2434626525691770,2434626525691770,9223372036854775807,0,2434626526058710,2434626526060794,2434626526281627,2434626526327981,2434626526458190,2434626527250377,2434626527899856,2434626532600377,2434626543571731,
0,2434626542288212,2434626542288212,9223372036854775807,0,2434626542650898,2434626542671210,2434626542842044,2434626543454023,2434626543822773,2434626544292565,2434626545933190,2434626551086835,2434626560241523,
0,2434626558884537,2434626558884537,9223372036854775807,0,2434626559323294,2434626559325377,2434626560805585,2434626560931627,2434626561479023,2434626561571731,2434626562482669,2434626566518085,2434626576713398,
0,2434626575480965,2434626575480965,9223372036854775807,0,2434626575880585,2434626575902981,2434626576134231,2434626576776419,2434626577163398,2434626577234231,2434626578171731,2434626587635794,2434626593854544,
0,2434626592077431,2434626592077431,9223372036854775807,0,2434626592483190,2434626592504023,2434626592737356,2434626592794648,2434626592968085,2434626596617565,2434626597500898,2434626603774856,2434626613216523,
0,2434626608673683,2434626608673683,9223372036854775807,0,2434626609075377,2434626609077460,2434626609293085,2434626609344127,2434626609479544,2434626614682148,2434626616136835,2434626620205585,2434626626550377,

0,2434626625269932,2434626625269932,9223372036854775807,0,2434626625628502,2434626625648815,2434626625819127,2434626626413398,2434626626806106,2434626638575377,2434626640291523,2434626647605065,2434626649420169,
0,2434626641866292,2434626641866292,9223372036854775807,0,2434626642235794,2434626642237356,2434626642452981,2434626642507148,2434626642632148,2434626649519127,2434626649763398,2434626651688398,2434626659401940,
0,2434626658462698,2434626658462698,9223372036854775807,0,2434626658856106,2434626658877460,2434626659118606,2434626659173815,2434626659312877,2434626659479544,2434626659767044,2434626661339440,2434626676295169,
0,2434626675059150,2434626675059150,9223372036854775807,0,2434626675426419,2434626675447252,2434626675615481,2434626675669648,2434626675824335,2434626676622252,2434626676904544,2434626680454544,2434626692609752,
0,2434626691655290,2434626691655290,9223372036854775807,0,2434626692083190,2434626692085273,2434626692331627,2434626692386835,2434626692527460,2434626692694127,2434626692994648,2434626694473815,2434626709554023,
0,2434626708251721,2434626708251721,9223372036854775807,0,2434626708613398,2434626708632148,2434626709133190,2434626709257148,2434626709393606,2434626710229023,2434626711043606,2434626715397252,2434626726021731,
0,2434626724848206,2434626724848206,9223372036854775807,0,2434626725258190,2434626725260273,2434626725498815,2434626725551940,2434626725680065,2434626726202460,2434626726778502,2434626730424856,2434626742604544,
0,2434626741444623,2434626741444623,9223372036854775807,0,2434626741852981,2434626741872773,2434626742106106,2434626742159231,2434626742324856,2434626742767565,2434626743336835,2434626746686835,2434626759451940,
0,2434626758041070,2434626758041070,9223372036854775807,0,2434626758395690,2434626758414440,2434626758581627,2434626758632669,2434626758783190,2434626760059231,2434626760663919,2434626764880065,2434626775767565,
0,2434626774637400,2434626774637400,9223372036854775807,0,2434626775033190,2434626775035794,2434626775273815,2434626775326419,2434626775450898,2434626775941002,2434626776505065,2434626781649335,2434626792535794,
0,2434626791233809,2434626791233809,9223372036854775807,0,2434626791588398,2434626791607669,2434626791774335,2434626791823815,2434626791971210,2434626793089960,2434626793734752,2434626797964960,2434626809021731,
0,2434626807830085,2434626807830085,9223372036854775807,0,2434626808108190,2434626808110273,2434626808362877,2434626808420169,2434626808569127,2434626809204544,2434626809808190,2434626813516523,2434626825559752,
0,2434626824426456,2434626824426456,9223372036854775807,0,2434626824841523,2434626824863919,2434626825130065,2434626825199856,2434626825346731,2434626825730585,2434626826318085,2434626829839440,2434626842513919,
0,2434626841022743,2434626841022743,9223372036854775807,0,2434626841414440,2434626841435273,2434626841644648,2434626841697773,2434626841848815,2434626843146210,2434626843846210,2434626848326940,2434626858706106,
0,2434626857619060,2434626857619060,9223372036854775807,0,2434626858048294,2434626858050377,2434626858304544,2434626858358710,2434626858499335,2434626858882148,2434626859484231,2434626863056106,2434626875604023,
0,2434626874215455,2434626874215455,9223372036854775807,0,2434626874594648,2434626874615481,2434626874809231,2434626874863398,2434626875011315,2434626876154023,2434626876795690,2434626881014440,2434626891979544,
0,2434626890811685,2434626890811685,9223372036854775807,0,2434626891246210,2434626891248815,2434626891506106,2434626891560273,2434626891710794,2434626892154544,2434626892729023,2434626896082148,2434626908559752,
0,2434626907408059,2434626907408059,9223372036854775807,0,2434626907823815,2434626907847252,2434626908101419,2434626908155585,2434626908296731,2434626908720169,2434626909311315,2434626912745690,2434626925939960,
0,2434626924004487,2434626924004487,9223372036854775807,0,2434626924377981,2434626924398815,2434626925952460,2434626926080585,2434626926609752,2434626927226419,2434626928251419,2434626933410273,2434626941741002,
0,2434626940600432,2434626940600432,9223372036854775807,0,2434626941026419,2434626941048294,2434626941288919,2434626942037877,2434626942648294,2434626942716523,2434626943604544,2434626948305065,2434626958535794,
0,2434626957196692,2434626957196692,9223372036854775807,0,2434626957587877,2434626957608710,2434626957822773,2434626957876940,2434626958070690,2434626959111315,2434626959820690,2434626968182669,2434626975305585,
0,2434626973792843,2434626973792843,9223372036854775807,0,2434626974238398,2434626974241002,2434626974498294,2434626974551940,2434626974691523,2434626975541523,2434626976378502,2434626982812356,2434626991884231,
0,2434626990388991,2434626990388991,9223372036854775807,0,2434626990823294,2434626990846210,2434626991116002,2434626991169127,2434626991312877,2434626992096210,2434626992916002,2434626998974335,2434627008910273,
0,2434627006984950,2434627006984950,9223372036854775807,0,2434627007424856,2434627007445690,2434627007637877,2434627007687877,2434627007846731,2434627009818085,2434627010799856,2434627019016523,2434627024973815,
0,2434627023580938,2434627023580938,9223372036854775807,0,2434627024018085,2434627024020169,2434627024261835,2434627024308710,2434627024442565,2434627025208710,2434627026027460,2434627030466523,2434627041616002,
0,2434627040177233,2434627040177233,9223372036854775807,0,2434627040569648,2434627040592044,2434627040799856,2434627040853502,2434627041004023,2434627042224335,2434627042958710,2434627048193606,2434627057983710,
0,2434627056773509,2434627056773509,9223372036854775807,0,2434627057197773,2434627057199856,2434627057443606,2434627057496731,2434627057704023,2434627058183190,2434627059056106,2434627063808190,2434627074562356,
0,2434627073369864,2434627073369864,9223372036854775807,0,2434627073795169,2434627073817565,2434627074085273,2434627074142565,2434627074284231,2434627074747773,2434627075443606,2434627080076940,2434627091537356,
0,2434627089962863,2434627089962863,9223372036854775807,0,2434627090572773,2434627090593606,2434627090809752,2434627090867044,2434627091035273,2434627092511835,2434627093510273,2434627100786315,2434627107830065,
0,2434627106558854,2434627106558854,9223372036854775807,0,2434627106958710,2434627106978502,2434627107171210,2434627107780065,2434627108180065,2434627108247252,2434627110397773,2434627116447252,2434627124787356,
0,2434627123155086,2434627123155086,9223372036854775807,0,2434627123564960,2434627123585273,2434627123812877,2434627123870690,2434627124030065,2434627125464960,2434627126276940,2434627132510794,2434627141363919,
0,2434627139751202,2434627139751202,9223372036854775807,0,2434627140144648,2434627140146731,2434627140419648,2434627140478502,2434627140623815,2434627141610794,2434627142483710,2434627148537877,2434627157955065,
0,2434627156347274,2434627156347274,2434627150000000,2434627150000000,2434627156609752,2434627156820690,2434627156842044,2434627156885794,2434627157021731,2434627158138919,2434627158807669,2434627163137356,2434627174502460,
0,2434627172943596,2434627172943596,2434627157000000,2434627160500000,2434627173317044,2434627173664440,2434627173684231,2434627173735273,2434627173905585,2434627175541002,2434627176277460,2434627181486835,2434627191029544,
0,2434627189539923,2434627189539923,2434627174000000,2434627182000000,2434627189955065,2434627190402981,2434627190423294,2434627190487356,2434627190625898,2434627191227981,2434627191975377,2434627196129023,2434627210175898,
0,2434627206136337,2434627206136337,2434627190000000,2434627198000000,2434627206504544,2434627206835273,2434627206854023,2434627206902981,2434627207044648,2434627210820169,2434627211568606,2434627216335794,2434627224037356,
0,2434627222732643,2434627222732643,2434627207000000,2434627215000000,2434627223139440,2434627223833190,2434627223853502,2434627223972252,2434627224087877,2434627224233710,2434627225354023,2434627229432669,2434627240708710,
0,2434627239329084,2434627239329084,2434627224000000,2434627232000000,2434627239729023,2434627240168606,2434627240189440,2434627240239440,2434627240361315,2434627240885273,2434627241707669,2434627245774335,2434627257444127,
0,2434627255925376,2434627255925376,2434627240000000,2434627248000000,2434627256297252,2434627256623294,2434627256643085,2434627256692565,2434627256839440,2434627258251940,2434627258951940,2434627263661315,2434627273882669,
0,2434627272521551,2434627272521551,2434627257000000,2434627265000000,2434627272938398,2434627273343085,2434627273363919,2434627273412877,2434627273538919,2434627274082148,2434627274730585,2434627278654023,2434627290823815,
0,2434627289117870,2434627289117870,2434627273000000,2434627281000000,2434627289483710,2434627290132148,2434627290153502,2434627290205585,2434627290351419,2434627292272252,2434627293044127,2434627298058190,2434627306977981,
0,2434627305714227,2434627305714227,2434627290000000,2434627298000000,2434627306114960,2434627306498294,2434627306520690,2434627306571210,2434627306702460,2434627307173294,2434627307845169,2434627312098815,2434627323623815,
0,2434627322310638,2434627322310638,2434627306000000,2434627314000000,2434627322568085,2434627322964960,2434627322985794,2434627323034752,2434627323174856,2434627323804544,2434627324433710,2434627328514440,2434627341337356,
0,2434627338906998,2434627338906998,2434627323000000,2434627331000000,2434627339150898,2434627339467044,2434627339487356,2434627339537356,2434627339678502,2434627341942044,2434627342635794,2434627347330585,2434627356805065,
0,2434627355503314,2434627355503314,2434627339000000,2434627347000000,2434627355913919,2434627356306627,2434627356327460,2434627356378502,2434627356505065,2434627356992565,2434627357729023,2434627364183190,2434627373580065,
0,2434627372099660,2434627372099660,2434627356000000,2434627364000000,2434627372475377,2434627373122252,2434627373141002,2434627373244127,2434627373367044,2434627374192044,2434627375096210,2434627379522773,2434627390186835,
0,2434627388696012,2434627388696012,2434627373000000,2434627381000000,2434627389117565,2434627389508190,2434627389529023,2434627389577460,2434627389704023,2434627390375377,2434627391294127,2434627397119127,2434627406545169,
0,2434627405292459,2434627405292459,2434627389000000,2434627397000000,2434627405686315,2434627406068085,2434627406088398,2434627406197773,2434627406327981,2434627406712877,2434627407389960,2434627411541002,2434627423241002,
0,2434627421888797,2434627421888797,2434627406000000,2434627414000000,2434627422262877,2434627424378502,2434627424400377,2434627424518606,2434627425062877,2434627426869127,2434627427638398,2434627432060794,2434627439820690,
0,2434627438485075,2434627438485075,2434627424000000,2434627432000000,2434627440151419,2434627440486315,2434627440505065,2434627441184752,2434627441619127,2434627442306627,2434627443237877,2434627448307148,2434627456632669,
0,2434627455081432,2434627455081432,2434627440000000,2434627448000000,2434627455455585,2434627455813919,2434627455834231,2434627455883710,2434627456029023,2434627457742565,2434627458514960,2434627467419127,2434627477383710,
0,2434627471677599,2434627471677599,9223372036854775807,0,2434627472089440,2434627472111315,2434627472356106,2434627472406106,2434627472534752,2434627477581106,2434627478108710,2434627482108190,2434627490386314,
0,2434627488273829,2434627488273829,9223372036854775807,0,2434627488719127,2434627488741523,2434627488960273,2434627489593085,2434627489958710,2434627490555585,2434627492314960,2434627498048814,2434627506559231,
0,2434627504870040,2434627504870040,9223372036854775807,0,2434627505249335,2434627505268085,2434627505436314,2434627505486835,2434627505647252,2434627507170169,2434627507899335,2434627512501419,2434627522748294,
0,2434627521466321,2434627521466321,9223372036854775807,0,2434627521881106,2434627521883189,2434627522122773,2434627522176939,2434627522309752,2434627522934752,2434627523553502,2434627529760273,2434627540553502,
0,2434627538062640,2434627538062640,9223372036854775807,0,2434627538441002,2434627538459752,2434627538622773,2434627538674335,2434627538824856,2434627541221210,2434627541913919,2434627545917564,2434627555906106,
0,2434627554658948,2434627554658948,9223372036854775807,0,2434627555064960,2434627555067564,2434627555305064,2434627555360794,2434627555488398,2434627556088919,2434627556703502,2434627560272252,2434627572662877,
0,2434627571255319,2434627571255319,9223372036854775807,0,2434627571689960,2434627571713398,2434627571968606,2434627572022773,2434627572164960,2434627572828502,2434627573460794,2434627576876419,2434627589363919,
0,2434627587851581,2434627587851581,9223372036854775807,0,2434627588224335,2434627588244648,2434627588725377,2434627588835794,2434627588962877,2434627591897252,2434627592857669,2434627597174335,2434627605799856,

0,2434627604447857,2434627604447857,9223372036854775807,0,2434627604858710,2434627604860794,2434627605094648,2434627605148294,2434627605274335,2434627614343085,2434627615012877,2434627619178502,2434627622582669,
0,2434627621044285,2434627621044285,9223372036854775807,0,2434627621400377,2434627621420689,2434627621586314,2434627621636835,2434627621785794,2434627623184231,2434627623801939,2434627628045169,2434627638939960,
0,2434627637640734,2434627637640734,9223372036854775807,0,2434627638034231,2434627638036314,2434627638266523,2434627638320689,2434627638448814,2434627639125377,2434627639697773,2434627643377460,2434627655605064,
0,2434627654237148,2434627654237148,9223372036854775807,0,2434627654689439,2434627654711314,2434627667477460,2434627667679023,2434627668836314,2434627669482669,2434627671135794,2434627675206106,2434627677124856,
0,2434627670832778,2434627670832778,9223372036854775807,0,2434627671663919,2434627671681627,2434627671853502,2434627672682148,2434627673588919,2434627677823294,2434627679188398,2434627685394648,2434627688619648,
0,2434627687429007,2434627687429007,9223372036854775807,0,2434627687811314,2434627687812877,2434627688031106,2434627688081106,2434627688211835,2434627688818606,2434627689830064,2434627693625898,2434627705349856,
0,2434627704025437,2434627704025437,9223372036854775807,0,2434627704423814,2434627704446210,2434627704676419,2434627704730064,2434627704874335,2434627705524335,2434627706192044,2434627710325898,2434627731014960,
0,2434627720621791,2434627720621791,9223372036854775807,0,2434627720985794,2434627721006627,2434627721180064,2434627721233189,2434627721381106,2434627731660273,2434627732384752,2434627738397773,2434627741867564,
0,2434627737217687,2434627737217687,9223372036854775807,0,2434627737687356,2434627737689439,2434627737954023,2434627738009752,2434627738147252,2434627742064960,2434627742688919,2434627746296731,2434627755908710,
0,2434627753813604,2434627753813604,9223372036854775807,0,2434627754246210,2434627754267564,2434627754484752,2434627754542044,2434627754706106,2434627756644648,2434627757812877,2434627762697773,2434627771955064,
0,2434627770409722,2434627770409722,9223372036854775807,0,2434627770858189,2434627770860794,2434627771122252,2434627771177460,2434627771305585,2434627772127460,2434627772743085,2434627776189960,2434627788160273,
0,2434627787006041,2434627787006041,9223372036854775807,0,2434627787432148,2434627787454023,2434627787702460,2434627787754544,2434627787884752,2434627788585794,2434627789483189,2434627795709231,2434627812608189,
0,2434627803602333,2434627803602333,9223372036854775807,0,2434627803864960,2434627803885273,2434627804129544,2434627804188919,2434627804320169,2434627812773294,2434627813648294,2434627817685273,2434627822160794,
0,2434627820198524,2434627820198524,9223372036854775807,0,2434627820610794,2434627820631627,2434627820870689,2434627820925377,2434627821082669,2434627823282148,2434627824020169,2434627831672252,2434627838122773,
0,2434627836794778,2434627836794778,9223372036854775807,0,2434627837183189,2434627837205064,2434627837413919,2434627838218606,2434627838643085,2434627839673814,2434627843819127,2434627848600377,2434627854589960,
0,2434627853391062,2434627853391062,9223372036854775807,0,2434627853801419,2434627853804023,2434627854055064,2434627854111314,2434627854276939,2434627854776419,2434627855426419,2434627859350377,2434627871206627,
0,2434627869987416,2434627869987416,9223372036854775807,0,2434627870395689,2434627870417564,2434627870673814,2434627870727460,2434627870864960,2434627871377460,2434627872002981,2434627876022252,2434627887900898,
0,2434627886583540,2434627886583540,9223372036854775807,0,2434627886976419,2434627886996731,2434627887190481,2434627887243606,2434627887395689,2434627888446731,2434627889145169,2434627893606106,2434627904390481,
0,2434627903179685,2434627903179685,9223372036854775807,0,2434627903548814,2434627903550377,2434627903777460,2434627903829023,2434627903955585,2434627904563919,2434627905178502,2434627909036314,2434627921100377,
0,2434627919775852,2434627919775852,9223372036854775807,0,2434627920163398,2434627920184752,2434627920382148,2434627921211835,2434627921618085,2434627922277460,2434627924297252,2434627929300377,2434627937653502,
0,2434627936371976,2434627936371976,9223372036854775807,0,2434627936799335,2434627936801419,2434627937048814,2434627937101939,2434627937235794,2434627937838398,2434627938461314,2434627942920169,2434627954158189,
0,2434627952968203,2434627952968203,9223372036854775807,0,2434627953384752,2434627953407148,2434627953639439,2434627954443085,2434627954849856,2434627954943085,2434627956723814,2434627961609752,2434627970411314,
0,2434627969124660,2434627969124660,9223372036854775807,0,2434627969467564,2434627969488919,2434627969689439,2434627969743606,2434627969895169,2434627971277460,2434627972273294,2434627976075377,2434627986797252,
0,2434627985720992,2434627985720992,9223372036854775807,0,2434627986134752,2434627986137356,2434627986404023,2434627986459752,2434627986609752,2434627986972252,2434627987617564,2434627991168085,2434628003674335,
0,2434628002317427,2434628002317427,9223372036854775807,0,2434628002690481,2434628002711835,2434628002932148,2434628002989439,2434628003151939,2434628004454544,2434628005273814,2434628009706106,2434628020177981,
0,2434628018913754,2434628018913754,9223372036854775807,0,2434628019339960,2434628019342044,2434628019617564,2434628019692564,2434628019829023,2434628020361835,2434628021009231,2434628024297773,2434628036976939,
0,2434628035509826,2434628035509826,9223372036854775807,0,2434628035961835,2434628035984752,2434628036249335,2434628036307148,2434628036448814,2434628037197773,2434628038032669,2434628043838919,2434628053947773,
0,2434628052077749,2434628052077749,9223372036854775807,0,2434628052348294,2434628052369648,2434628052592044,2434628052649335,2434628052806627,2434628054806106,2434628055738398,2434628062814439,2434628070387356,
0,2434628068668355,2434628068668355,9223372036854775807,0,2434628069007148,2434628069009752,2434628069272252,2434628069329544,2434628069466002,2434628070627460,2434628071509752,2434628075801939,2434628087589960,
0,2434628085259211,2434628085259211,2434628065000000,2434628065000000,2434628085664960,2434628085962877,2434628085984231,2434628086037877,2434628086189960,2434628088220169,2434628088937356,2434628094542564,2434628103243606,
0,2434628101850373,2434628101850373,2434628086000000,2434628086000000,2434628102119648,2434628103006106,2434628103024856,2434628103138398,2434628103248814,2434628103438398,2434628104252981,2434628108182148,2434628119892564,
0,2434628118441508,2434628118441508,2434628103000000,2434628111000000,2434628118702981,2434628119099335,2434628119119127,2434628119168606,2434628119292564,2434628120121210,2434628120750898,2434628124688919,2434628136870689,
0,2434628135032567,2434628135032567,2434628119000000,2434628127000000,2434628135401419,2434628135743085,2434628135764439,2434628135814439,2434628135959231,2434628137714439,2434628138425377,2434628145084231,2434628152905064,
0,2434628151623567,2434628151623567,2434628136000000,2434628144000000,2434628151913919,2434628152300377,2434628152319648,2434628152370169,2434628152506106,2434628153094127,2434628153882669,2434628157559752,2434628169758189,
0,2434628168214580,2434628168214580,2434628152000000,2434628160000000,2434628168588919,2434628168911835,2434628168931106,2434628168983189,2434628169129023,2434628172185273,2434628173150377,2434628179857148,2434628186096731,
0,2434628184805566,2434628184805566,2434628169000000,2434628177000000,2434628185216002,2434628185600377,2434628185622252,2434628185672252,2434628185793085,2434628186381627,2434628187249335,2434628195063398,2434628202910794,
0,2434628201396745,2434628201396745,2434628185000000,2434628193000000,2434628201812356,2434628202196731,2434628202216002,2434628202264439,2434628202386314,2434628203412356,2434628204704544,2434628208843606,2434628220705585,
0,2434628217987774,2434628217987774,2434628202000000,2434628210000000,2434628218363398,2434628220143606,2434628220166002,2434628220234752,2434628220380585,2434628221479023,2434628222152460,2434628227380064,2434628235829023,
0,2434628234578793,2434628234578793,2434628220000000,2434628228000000,2434628234984231,2434628237546210,2434628237569648,2434628237686835,2434628238406106,2434628238505585,2434628239443085,2434628244283189,2434628254208710,
0,2434628251169882,2434628251169882,2434628238000000,2434628246000000,2434628251539960,2434628252171210,2434628252192044,2434628253026939,2434628253535794,2434628254921210,2434628255892564,2434628261701419,2434628269182148,
0,2434628267760765,2434628267760765,2434628252000000,2434628259000000,2434628268164960,2434628268530585,2434628268549856,2434628268599335,2434628268760794,2434628269384231,2434628270313398,2434628274858189,2434628285878502,
0,2434628284351816,2434628284351816,2434628268000000,2434628276000000,2434628284720169,2434628285052981,2434628285071210,2434628285600898,2434628285929544,2434628286069648,2434628287813919,2434628294933710,2434628302448814,
0,2434628300942905,2434628300942905,2434628285000000,2434628293000000,2434628301323814,2434628301660273,2434628301681106,2434628301732148,2434628301879023,2434628303106627,2434628303872773,2434628312421210,2434628318830064,
0,2434628317533894,2434628317533894,2434628302000000,2434628310000000,2434628317798294,2434628318176939,2434628318196731,2434628318246731,2434628318374856,2434628319039960,2434628319698294,2434628324121210,2434628335673294,
0,2434628334124970,2434628334124970,2434628318000000,2434628326000000,2434628334499335,2434628334854544,2434628334874335,2434628334923814,2434628335069127,2434628336908189,2434628337620169,2434628344063919,2434628352092564,
0,2434628350716010,2434628350716010,2434628335000000,2434628343000000,2434628351116002,2434628351516002,2434628351535794,2434628351591002,2434628351717564,2434628352295689,2434628353057148,2434628357545689,2434628368657148,
0,2434628367307096,2434628367307096,2434628351000000,2434628359000000,2434628367710273,2434628368108189,2434628368130064,2434628368180585,2434628368300377,2434628368857148,2434628369649856,2434628379506106,2434628385234752,
0,2434628383898163,2434628383898163,9223372036854775807,0,2434628384261314,2434628384282148,2434628384458189,2434628384512877,2434628384677460,2434628386234231,2434628386971210,2434628393347773,2434628401906627,
0,2434628400489187,2434628400489187,9223372036854775807,0,2434628400920689,2434628400923294,2434628401158710,2434628401213919,2434628401343606,2434628402114439,2434628402767564,2434628407372773,2434628418350377,
0,2434628417080233,2434628417080233,9223372036854775807,0,2434628417447773,2434628417469648,2434628417637877,2434628417692044,2434628417829544,2434628419130064,2434628419794127,2434628424799856,2434628434863398,
0,2434628433671195,2434628433671195,9223372036854775807,0,2434628434064960,2434628434067044,2434628434294127,2434628434364439,2434628434491523,2434628435064960,2434628435680585,2434628440130064,2434628451428502,
0,2434628450262422,2434628450262422,9223372036854775807,0,2434628450679544,2434628450700377,2434628450927460,2434628450980064,2434628451106106,2434628451622252,2434628452234752,2434628456984752,2434628468384231,
0,2434628466853435,2434628466853435,9223372036854775807,0,2434628467261835,2434628467283189,2434628470167044,2434628470835273,2434628471771210,2434628472860794,2434628473780585,2434628480255064,2434628484882148,
0,2434628483444437,2434628483444437,9223372036854775807,0,2434628483830585,2434628483852460,2434628484061835,2434628484839960,2434628485218085,2434628487438398,2434628489268085,2434628494696210,2434628502391523,

0,2434628500035624,2434628500035624,9223372036854775807,0,2434628500401939,2434628500420689,2434628500585273,2434628500647252,2434628500786835,2434628509722773,2434628510615481,2434628515695689,2434628518047773,
0,2434628516626564,2434628516626564,9223372036854775807,0,2434628517022773,2434628517044127,2434628517247252,2434628517842564,2434628518220169,2434628518268606,2434628520051419,2434628528609231,2434628534811314,
0,2434628533217631,2434628533217631,9223372036854775807,0,2434628533616002,2434628533618085,2434628533858710,2434628533912356,2434628534034752,2434628535034752,2434628535743085,2434628540368606,2434628551091523,
0,2434628549808826,2434628549808826,9223372036854775807,0,2434628550156627,2434628550179023,2434628550355064,2434628550407148,2434628550552981,2434628551692044,2434628552398814,2434628557208189,2434628567531106,
0,2434628566399937,2434628566399937,9223372036854775807,0,2434628566796210,2434628566798814,2434628567033189,2434628567083710,2434628567239960,2434628567745689,2434628568441523,2434628572753502,2434628584321731,
0,2434628582991110,2434628582991110,9223372036854775807,0,2434628583338398,2434628583359231,2434628583523814,2434628583579023,2434628583724856,2434628584974856,2434628585702460,2434628592242564,2434628600868085,
0,2434628599582232,2434628599582232,9223372036854775807,0,2434628599973814,2434628599975898,2434628600236835,2434628600289960,2434628600417564,2434628601085273,2434628601792564,2434628606441002,2434628617464960,
0,2434628616173351,2434628616173351,9223372036854775807,0,2434628616595168,2434628616617564,2434628616849335,2434628616900898,2434628617031627,2434628617701418,2434628618413398,2434628625784231,2434628634286835,
0,2434628632764304,2434628632764304,9223372036854775807,0,2434628633047773,2434628633070168,2434628633289960,2434628633349335,2434628633512877,2434628635032668,2434628636042564,2434628644525898,2434628650701939,
0,2434628649355165,2434628649355165,9223372036854775807,0,2434628649649335,2434628649651418,2434628649893085,2434628649946731,2434628650114439,2434628650963918,2434628651802460,2434628659553502,2434628667345689,
0,2434628665946186,2434628665946186,9223372036854775807,0,2434628666336835,2434628666357148,2434628666852981,2434628666981106,2434628667116002,2434628668098293,2434628669081627,2434628676460793,2434628684010793,
0,2434628682536993,2434628682536993,9223372036854775807,0,2434628682980064,2434628682982668,2434628683244127,2434628683299856,2434628683434231,2434628684275377,2434628685054543,2434628693785793,2434628700710273,
0,2434628699127879,2434628699127879,9223372036854775807,0,2434628699576939,2434628699598293,2434628699846210,2434628699900898,2434628700056627,2434628700974335,2434628701767043,2434628708568606,2434628717192043,
0,2434628715718518,2434628715718518,9223372036854775807,0,2434628716144648,2434628716166523,2434628716378502,2434628716438918,2434628716589960,2434628717918085,2434628718716002,2434628726470168,2434628733664439,
0,2434628732309341,2434628732309341,9223372036854775807,0,2434628732750377,2434628732752460,2434628733003502,2434628733059231,2434628733197773,2434628733930064,2434628734720689,2434628741971210,2434628750568606,
0,2434628748900235,2434628748900235,9223372036854775807,0,2434628749294127,2434628749314960,2434628749502460,2434628749556106,2434628749704543,2434628751311835,2434628752154023,2434628759897252,2434628766888398,
0,2434628765491085,2434628765491085,9223372036854775807,0,2434628765930064,2434628765932148,2434628766185273,2434628766241523,2434628766374856,2434628767202981,2434628767964439,2434628775308710,2434628783475377,
0,2434628782082128,2434628782082128,9223372036854775807,0,2434628782514960,2434628782536314,2434628782787877,2434628782854543,2434628782976939,2434628783730585,2434628784533189,2434628791663398,2434628800272252,
0,2434628798672948,2434628798672948,9223372036854775807,0,2434628799084752,2434628799105585,2434628799307148,2434628799363918,2434628799508710,2434628801146210,2434628801969127,2434628811171210,2434628816592043,
0,2434628815263823,2434628815263823,9223372036854775807,0,2434628815694127,2434628815696731,2434628815954023,2434628816008710,2434628816145689,2434628816932668,2434628817633189,2434628824290481,2434628833425898,
0,2434628831854931,2434628831854931,9223372036854775807,0,2434628832227981,2434628832248814,2434628832434752,2434628832489960,2434628832634231,2434628834231627,2434628835028502,2434628842034231,2434628849820689,
0,2434628848445743,2434628848445743,9223372036854775807,0,2434628848888918,2434628848891002,2434628849135273,2434628849191002,2434628849319127,2434628850122252,2434628850822252,2434628857422252,2434628866271731,
0,2434628865036805,2434628865036805,9223372036854775807,0,2434628865453502,2434628865475898,2434628865718085,2434628865772252,2434628865901939,2434628866497773,2434628867216523,2434628873329543,2434628883179023,
0,2434628881627840,2434628881627840,9223372036854775807,0,2434628882030585,2434628882050377,2434628882252981,2434628882309752,2434628882474335,2434628883850898,2434628884625898,2434628891253502,2434628899589960,
0,2434628898218734,2434628898218734,9223372036854775807,0,2434628898659752,2434628898661835,2434628898924335,2434628898981106,2434628899109752,2434628899833710,2434628900648293,2434628906727460,2434628916621731,
0,2434628914809698,2434628914809698,9223372036854775807,0,2434628915264960,2434628915288398,2434628915537877,2434628915597773,2434628915775898,2434628917387877,2434628918242043,2434628925181106,2434628932631106,
0,2434628931400505,2434628931400505,9223372036854775807,0,2434628931847773,2434628931849856,2434628932112356,2434628932168085,2434628932306106,2434628932866523,2434628933576418,2434628939647773,2434628949139960,
0,2434628947991602,2434628947991602,9223372036854775807,0,2434628948428502,2434628948450377,2434628948702981,2434628948758189,2434628948892043,2434628949378502,2434628950180064,2434628955976939,2434628966243606,
0,2434628964582648,2434628964582648,9223372036854775807,0,2434628964995168,2434628965019127,2434628965604543,2434628965663918,2434628965815481,2434628967013398,2434628967746731,2434628975069127,2434628983198814,
0,2434628981173666,2434628981173666,2434628964000000,2434628964000000,2434628981579543,2434628981944648,2434628981965481,2434628982017564,2434628982137877,2434628983500898,2434628984240481,2434628990956627,2434628999377981,
0,2434628997764551,2434628997764551,2434628982000000,2434628990000000,2434628998139439,2434629000988398,2434629001010273,2434629001136835,2434629001944648,2434629002805585,2434629003650377,2434629010055064,2434629016587356,
0,2434629014355605,2434629014355605,2434629001000000,2434629009000000,2434629014762356,2434629015138398,2434629015160273,2434629015920689,2434629016410793,2434629016845689,2434629018461314,2434629032689960,2434629035330585,
0,2434629030946648,2434629030946648,2434629015000000,2434629022000000,2434629031334752,2434629031706106,2434629031725898,2434629031771210,2434629031894127,2434629035573814,2434629036342564,2434629042875377,2434629049257148,
0,2434629047537566,2434629047537566,2434629032000000,2434629040000000,2434629047922773,2434629048253502,2434629048274335,2434629048868085,2434629049238918,2434629050583710,2434629052702981,2434629062442043,2434629065406106,
0,2434629064128636,2434629064128636,2434629048000000,2434629056000000,2434629064544648,2434629064953502,2434629064972252,2434629065022252,2434629065147773,2434629065644648,2434629066401939,2434629072748814,2434629082726418,
0,2434629080719744,2434629080719744,2434629065000000,2434629073000000,2434629081093606,2434629081723293,2434629081744127,2434629081868085,2434629081997252,2434629083608189,2434629084529023,2434629090813398,2434629098750377,
0,2434629097310719,2434629097310719,2434629082000000,2434629090000000,2434629097717043,2434629098458189,2434629098478502,2434629098529543,2434629098648293,2434629098972252,2434629099721210,2434629107704023,2434629115251939,
0,2434629113901838,2434629113901838,2434629098000000,2434629106000000,2434629114299856,2434629114699335,2434629114719648,2434629114769648,2434629114894648,2434629115476939,2434629116194648,2434629122128502,2434629132266523,
0,2434629130492856,2434629130492856,2434629115000000,2434629123000000,2434629130868085,2434629131214439,2434629131234752,2434629131301418,2434629131433710,2434629133397252,2434629134204543,2434629141123293,2434629148452460,
0,2434629147083847,2434629147083847,2434629131000000,2434629139000000,2434629147487356,2434629147875377,2434629147898293,2434629147947773,2434629148074856,2434629148726939,2434629149820168,2434629155818606,2434629165318606,
0,2434629163674844,2434629163674844,2434629148000000,2434629156000000,2434629164053502,2434629164404543,2434629164423814,2434629164470689,2434629164607148,2434629166688398,2434629167443606,2434629173096731,2434629181614439,
0,2434629180265822,2434629180265822,2434629164000000,2434629172000000,2434629180676418,2434629182816523,2434629182839439,2434629182962356,2434629183445168,2434629183696731,2434629184812356,2434629189286835,2434629198202460,
0,2434629196856830,2434629196856830,2434629183000000,2434629191000000,2434629197255064,2434629197634752,2434629197651939,2434629198372773,2434629198804023,2434629198898814,2434629199879023,2434629206684231,2434629215300377,
0,2434629213447713,2434629213447713,2434629197000000,2434629204000000,2434629213818606,2434629214183189,2434629214200898,2434629214244127,2434629214384752,2434629216056627,2434629216839439,2434629227381106,2434629231608189,
0,2434629230038634,2434629230038634,2434629215000000,2434629223000000,2434629230458710,2434629230864960,2434629230882148,2434629231448293,2434629231798293,2434629232012877,2434629234409231,2434629241789960,2434629249225377,
0,2434629246629503,2434629246629503,2434629231000000,2434629239000000,2434629247024335,2434629247354023,2434629247374856,2434629247422773,2434629247568085,2434629250056106,2434629250943085,2434629257331106,2434629265358710,
0,2434629263220304,2434629263220304,2434629248000000,2434629256000000,2434629263504023,2434629263891002,2434629263910793,2434629263960793,2434629264084752,2434629265556627,2434629267339439,2434629274872252,2434629281311314,
0,2434629279811168,2434629279811168,9223372036854775807,0,2434629280267043,2434629280289439,2434629280536835,2434629280590481,2434629280719127,2434629281486835,2434629282511314,2434629288776418,2434629299826418,
0,2434629296401720,2434629296401720,9223372036854775807,0,2434629296830585,2434629296849856,2434629297022252,2434629297077460,2434629297227981,2434629300639960,2434629301994127,2434629306841523,2434629314104023,
0,2434629312992521,2434629312992521,9223372036854775807,0,2434629313410273,2434629313412356,2434629313651939,2434629313720168,2434629313859231,2434629314299856,2434629315002981,2434629318874856,2434629331850898,
0,2434629329583645,2434629329583645,9223372036854775807,0,2434629329937877,2434629329958710,2434629330151939,2434629330202460,2434629330352981,2434629332419127,2434629333170689,2434629337950898,2434629347422773,
0,2434629346174620,2434629346174620,9223372036854775807,0,2434629346592043,2434629346593606,2434629346873293,2434629346932148,2434629347068085,2434629347618085,2434629348300898,2434629352254543,2434629364393606,
0,2434629362765568,2434629362765568,9223372036854775807,0,2434629363174335,2434629363197773,2434629363452460,2434629363508189,2434629363636314,2434629365838398,2434629366744648,2434629370412877,2434629381113918,
