com.dianping.v1/com.dianping.v1.NovaMainActivity/android.view.ViewRootImpl@d495178 (visibility=0)
0,2433967394791689,2433967394791689,9223372036854775807,0,2433967395233290,2433967395288499,2433967395502561,2433967395717665,2433967395933811,2433967397027040,2433967397852561,2433967402809853,2433967406879124,
0,2433967427987178,2433967427987178,9223372036854775807,0,2433967428481207,2433967428532769,2433967428744749,2433967428947874,2433967429146832,2433967430251519,2433967430989019,2433967435306207,2433967438769228,
0,2433967477780880,2433967477780880,9223372036854775807,0,2433967478206728,2433967478260894,2433967478468186,2433967478673394,2433967478874436,2433967479965582,2433967480905686,2433967485363499,2433967489387457,
0,2433967510976548,2433967510976548,9223372036854775807,0,2433967511445790,2433967511497353,2433967511691103,2433967511892665,2433967512101519,2433967513199957,2433967513932769,2433967518066624,2433967521602561,
0,2433967560770828,2433967560770828,9223372036854775807,0,2433967561225999,2433967561281728,2433967561495269,2433967561721832,2433967561963499,2433967563028082,2433967563816103,2433967568105165,2433967573142144,
0,2433967593965853,2433967593965853,9223372036854775807,0,2433967594467665,2433967594523394,2433967594717665,2433967594931207,2433967595147353,2433967596259853,2433967597063499,2433967601568186,2433967605114019,
0,2433967643760149,2433967643760149,9223372036854775807,0,2433967644186415,2433967644240582,2433967644447874,2433967644652561,2433967644857769,2433967646126519,2433967646906207,2433967651339540,2433967655355686,
0,2433967676955859,2433967676955859,9223372036854775807,0,2433967677423394,2433967677477561,2433967677668186,2433967677867665,2433967678071311,2433967679159332,2433967680127040,2433967684529644,2433967687960894,
0,2433967726749894,2433967726749894,9223372036854775807,0,2433967727195269,2433967727247874,2433967727457249,2433967727668186,2433967727920790,2433967728910374,2433967729687978,2433967734118186,2433967738020269,
0,2433967776543767,2433967776543767,9223372036854775807,0,2433967776960373,2433967777014540,2433967777236936,2433967777445269,2433967777647873,2433967778787978,2433967779574957,2433967784109332,2433967788260373,
0,2433967809739444,2433967809739444,9223372036854775807,0,2433967810270269,2433967810322353,2433967810521311,2433967810722353,2433967810930686,2433967811829123,2433967812600998,2433967816808811,2433967820141623,
0,2433967859533650,2433967859533650,9223372036854775807,0,2433967860258290,2433967860314019,2433967860529644,2433967860829644,2433967861082769,2433967862448915,2433967863214019,2433967867449436,2433967871772353,
0,2433967892729326,2433967892729326,9223372036854775807,0,2433967893219228,2433967893272353,2433967893462978,2433967893667665,2433967893872353,2433967894925998,2433967895686415,2433967899897873,2433967903322353,
0,2433967942523468,2433967942523468,9223372036854775807,0,2433967942837978,2433967942878603,2433967943003082,2433967943155165,2433967943312978,2433967944020790,2433967944536936,2433967946870269,2433967949805686,
0,2433967975719869,2433967975719869,9223372036854775807,0,2433967976048394,2433967976085373,2433967976200478,2433967976337978,2433967976493707,2433967977194228,2433967977726519,2433967979762457,2433967982002040,
0,2433968025514922,2433968025514922,9223372036854775807,0,2433968025802040,2433968025839540,2433968025967665,2433968026108290,2433968026274957,2433968026930165,2433968027471311,2433968029547873,2433968032974957,
0,2433968058711014,2433968058711014,9223372036854775807,0,2433968059136936,2433968059187978,2433968059371311,2433968059562978,2433968059770790,2433968060860373,2433968061600478,2433968065735373,2433968069061415,
0,2433968108504479,2433968108504479,9223372036854775807,0,2433968108931207,2433968108987978,2433968109187457,2433968109404644,2433968109622353,2433968110829644,2433968111619228,2433968116146311,2433968120403603,
0,2433968141699952,2433968141699952,9223372036854775807,0,2433968142253603,2433968142308811,2433968142503082,2433968142717665,2433968142931728,2433968143890582,2433968144686936,2433968149075998,2433968153010373,
0,2433968191493759,2433968191493759,9223372036854775807,0,2433968191937457,2433968191991103,2433968192208290,2433968192412978,2433968192623915,2433968195725478,2433968196468707,2433968201152561,2433968205423915,
0,2433968224689484,2433968224689484,9223372036854775807,0,2433968225170269,2433968225223915,2433968225419228,2433968225636415,2433968225869748,2433968226847353,2433968227645269,2433968232071832,2433968235539019,
0,2433968274483446,2433968274483446,9223372036854775807,0,2433968276102561,2433968276154123,2433968276380686,2433968276785373,2433968276992144,2433968278047353,2433968278827561,2433968283600478,2433968287680165,
0,2433968307679065,2433968307679065,9223372036854775807,0,2433968308127561,2433968308175998,2433968308361415,2433968308562457,2433968308758811,2433968309985373,2433968310808811,2433968315194228,2433968318817144,
0,2433968357472815,2433968357472815,9223372036854775807,0,2433968357893707,2433968357943186,2433968358169228,2433968358381728,2433968358592665,2433968359665582,2433968362977561,2433968367308811,2433968371926519,
0,2433968390668132,2433968390668132,9223372036854775807,0,2433968391215582,2433968391269228,2433968391495269,2433968391708290,2433968391914019,2433968392959853,2433968393716103,2433968398388498,2433968405158290,
0,2433968440462126,2433968440462126,9223372036854775807,0,2433968441475998,2433968441528603,2433968441723394,2433968441926519,2433968442116623,2433968443383811,2433968444106728,2433968448429644,2433968452634332,
0,2433968473657484,2433968473657484,9223372036854775807,0,2433968474095269,2433968474145790,2433968474331728,2433968474524957,2433968474724436,2433968476046311,2433968476789540,2433968481210373,2433968484477040,
0,2433968523450712,2433968523450712,9223372036854775807,0,2433968523922353,2433968523973915,2433968524167665,2433968524367144,2433968524566623,2433968525596832,2433968526325998,2433968530844228,2433968535046311,
0,2433968556646045,2433968556646045,9223372036854775807,0,2433968557152040,2433968557203082,2433968557411936,2433968557608290,2433968557811936,2433968558857248,2433968559591623,2433968563891103,2433968567160373,
0,2433968606438712,2433968606438712,9223372036854775807,0,2433968607041103,2433968607092665,2433968607292144,2433968607503082,2433968607699436,2433968608689540,2433968609433290,2433968614019228,2433968618224436,
0,2433968639634176,2433968639634176,9223372036854775807,0,2433968640216623,2433968640267144,2433968640487978,2433968640696832,2433968640894228,2433968642509853,2433968643247353,2433968647353082,2433968650654644,
0,2433968689428071,2433968689428071,9223372036854775807,0,2433968689860373,2433968689916623,2433968690289540,2433968690534332,2433968690764019,2433968692498915,2433968693289019,2433968697642665,2433968702743186,
0,2433968722623453,2433968722623453,9223372036854775807,0,2433968723105165,2433968723160373,2433968723361936,2433968723579644,2433968723807248,2433968724809853,2433968725597873,2433968729855165,2433968733348915,
0,2433968772417869,2433968772417869,9223372036854775807,0,2433968772829123,2433968772884332,2433968773084332,2433968773292665,2433968773494748,2433968774462978,2433968775229644,2433968779910373,2433968784023915,
0,2433968805613300,2433968805613300,9223372036854775807,0,2433968806076519,2433968806130165,2433968806310894,2433968806506728,2433968806702561,2433968807740061,2433968808495269,2433968812787457,2433968816144748,
0,2433968855407415,2433968855407415,9223372036854775807,0,2433968855804644,2433968855856727,2433968856047873,2433968856250998,2433968856461936,2433968857445790,2433968858214019,2433968862586415,2433968866528602,
0,2433968888603147,2433968888603147,9223372036854775807,0,2433968889051519,2433968889102561,2433968889287457,2433968889535373,2433968889728602,2433968890709332,2433968891433811,2433968895631207,2433968898945790,
0,2433968938397026,2433968938397026,9223372036854775807,0,2433968939007769,2433968939062457,2433968939279123,2433968939492665,2433968939693707,2433968941005686,2433968941775998,2433968946346311,2433968950531727,
0,2433968971592774,2433968971592774,9223372036854775807,0,2433968972063498,2433968972116102,2433968972310894,2433968972512457,2433968972709852,2433968973848915,2433968974614540,2433968978833811,2433968982464540,
0,2433969021386977,2433969021386977,9223372036854775807,0,2433969022133290,2433969022186415,2433969022443707,2433969022687977,2433969022999957,2433969023985894,2433969024745790,2433969029075477,2433969033152561,
0,2433969054582734,2433969054582734,9223372036854775807,0,2433969055047352,2433969055099957,2433969055289540,2433969055489019,2433969055694227,2433969056589540,2433969057343707,2433969061919227,2433969065281207,
0,2433969104376913,2433969104376913,9223372036854775807,0,2433969104815582,2433969104867665,2433969105100998,2433969105310373,2433969105507769,2433969107434332,2433969108206727,2433969112582248,2433969116604644,
0,2433969137572547,2433969137572547,9223372036854775807,0,2433969138025998,2433969138075477,2433969138254123,2433969138447352,2433969138636936,2433969139508290,2433969140434852,2433969144694227,2433969147914019,
0,2433969187366897,2433969187366897,9223372036854775807,0,2433969187806727,2433969187862977,2433969188064019,2433969188278602,2433969188498394,2433969189462457,2433969190454123,2433969194984852,2433969199560373,
0,2433969220562360,2433969220562360,9223372036854775807,0,2433969221085894,2433969221141623,2433969221363498,2433969221594227,2433969221829644,2433969222852040,2433969223654644,2433969227916102,2433969231409332,
0,2433969270356042,2433969270356042,9223372036854775807,0,2433969270825477,2433969270880686,2433969271082769,2433969271299957,2433969271509332,2433969272456207,2433969273240061,2433969277845790,2433969282713498,
0,2433969303551326,2433969303551326,9223372036854775807,0,2433969304147352,2433969304217144,2433969304463498,2433969304730686,2433969305012457,2433969306318186,2433969307308811,2433969312214019,2433969315692665,
0,2433969353345464,2433969353345464,9223372036854775807,0,2433969353736936,2433969353786936,2433969353966102,2433969354155686,2433969354358290,2433969355257769,2433969355983290,2433969360681727,2433969364737457,
0,2433969386540642,2433969386540642,9223372036854775807,0,2433969387030686,2433969387083811,2433969387283811,2433969387503082,2433969387729644,2433969388689019,2433969389485373,2433969393841623,2433969397036936,
0,2433969436334886,2433969436334886,9223372036854775807,0,2433969436812977,2433969436869227,2433969437071311,2433969437272873,2433969437473915,2433969438491623,2433969439290582,2433969444010894,2433969448234852,
0,2433969469530699,2433969469530699,9223372036854775807,0,2433969469972352,2433969470080686,2433969470277040,2433969470475998,2433969470673915,2433969471519227,2433969472310894,2433969476486415,2433969479779123,
0,2433969519324674,2433969519324674,9223372036854775807,0,2433969519753602,2433969519983290,2433969520329644,2433969520551519,2433969520851519,2433969522275477,2433969523077561,2433969527649436,2433969531766102,
0,2433969552520551,2433969552520551,9223372036854775807,0,2433969552977561,2433969553031207,2433969553216102,2433969553415582,2433969553629123,2433969554985373,2433969555756207,2433969559937457,2433969563476519,
0,2433969602314575,2433969602314575,9223372036854775807,0,2433969602764019,2433969602820790,2433969603031727,2433969603256727,2433969603465061,2433969605150477,2433969605931207,2433969610662977,2433969614878082,
0,2433969635510347,2433969635510347,9223372036854775807,0,2433969635968707,2433969636020269,2433969636212977,2433969636411936,2433969636611415,2433969637582769,2433969638337977,2433969643047352,2433969646853082,
0,2433969685304501,2433969685304501,9223372036854775807,0,2433969685735894,2433969685791623,2433969686012457,2433969686314540,2433969686525998,2433969688225998,2433969689007248,2433969693505165,2433969697714540,
0,2433969718499752,2433969718499752,9223372036854775807,0,2433969718977040,2433969719028082,2433969719210373,2433969719404123,2433969719610373,2433969721764540,2433969722498394,2433969726859852,2433969730600998,
0,2433969768293613,2433969768293613,9223372036854775807,0,2433969768760894,2433969768816102,2433969769040582,2433969769272352,2433969769495790,2433969771158290,2433969771951519,2433969776533811,2433969779873915,
0,2433969818087604,2433969818087604,9223372036854775807,0,2433969818506207,2433969818561415,2433969818762457,2433969818981207,2433969819200998,2433969820342144,2433969821131727,2433969825420269,2433969829773915,
0,2433969851283025,2433969851283025,9223372036854775807,0,2433969851764019,2433969851817665,2433969852020269,2433969852258290,2433969852468186,2433969853781207,2433969854537977,2433969858650477,2433969862077561,
0,2433969901077252,2433969901077252,9223372036854775807,0,2433969901543186,2433969901596832,2433969901810894,2433969902023915,2433969902233290,2433969903355165,2433969904135373,2433969908582769,2433969913369227,
0,2433969934272967,2433969934272967,9223372036854775807,0,2433969934777561,2433969934831207,2433969935020269,2433969935280686,2433969935484332,2433969936382248,2433969937135894,2433969941708811,2433969945058811,
0,2433969984066820,2433969984066820,9223372036854775807,0,2433969984502040,2433969984557248,2433969984750998,2433969985022352,2433969985230165,2433969986202561,2433969986972873,2433969991513498,2433969995601519,
0,2433970017262006,2433970017262006,9223372036854775807,0,2433970017747352,2433970017799956,2433970017989540,2433970018185373,2433970018386936,2433970020113498,2433970020877561,2433970025129644,2433970028461415,
0,2433970067055996,2433970067055996,9223372036854775807,0,2433970067504123,2433970067556727,2433970067755165,2433970067967665,2433970068176519,2433970069414540,2433970070293706,2433970074610894,2433970078912977,
0,2433970100251556,2433970100251556,9223372036854775807,0,2433970100754123,2433970100805686,2433970101014019,2433970101216102,2433970101417665,2433970102343186,2433970103205165,2433970107456727,2433970110884852,
0,2433970150045994,2433970150045994,9223372036854775807,0,2433970150480686,2433970150533290,2433970150737977,2433970150935373,2433970151129644,2433970152215581,2433970152942665,2433970157025477,2433970164059852,
0,2433970183241464,2433970183241464,9223372036854775807,0,2433970183744227,2433970183799436,2433970184003602,2433970184224956,2433970184465061,2433970185805686,2433970186615061,2433970191079644,2433970194630686,
0,2433970233032549,2433970233032549,9223372036854775807,0,2433970233490581,2433970233545790,2433970233817665,2433970234046311,2433970234260894,2433970235547873,2433970236317665,2433970240848915,2433970245449956,
0,2433970266228466,2433970266228466,9223372036854775807,0,2433970266665581,2433970266715581,2433970266894227,2433970267089540,2433970267286936,2433970268320790,2433970269049956,2433970273298915,2433970276595269,
0,2433970316022595,2433970316022595,9223372036854775807,0,2433970316447873,2433970316503081,2433970316706727,2433970316918186,2433970317124436,2433970318039540,2433970318800998,2433970323456206,2433970328055165,
0,2433970349218309,2433970349218309,9223372036854775807,0,2433970349667665,2433970349716102,2433970349898394,2433970350136936,2433970350345790,2433970351319748,2433970352110894,2433970356366623,2433970359714540,
0,2433970399447040,2433970399447040,9223372036854775807,0,2433970399855686,2433970399907769,2433970400217144,2433970400436415,2433970400650477,2433970401871831,2433970402655165,2433970407055686,2433970411827040,
0,2433970432642726,2433970432642726,9223372036854775807,0,2433970433084852,2433970433135373,2433970433321831,2433970433516102,2433970433705686,2433970434639019,2433970435369227,2433970439446311,2433970442912977,
0,2433970482453091,2433970482453091,9223372036854775807,0,2433970482930686,2433970482986415,2433970483195790,2433970483420790,2433970483639540,2433970484625998,2433970485420790,2433970489703081,2433970494185894,
0,2433970515656012,2433970515656012,9223372036854775807,0,2433970516308811,2433970516362977,2433970516578602,2433970516801519,2433970517031206,2433970518562977,2433970519366102,2433970523768706,2433970527214540,
0,2433970565461399,2433970565461399,9223372036854775807,0,2433970565866623,2433970565925477,2433970566116623,2433970566332769,2433970566764540,2433970567753081,2433970568546831,2433970572985373,2433970577311936,
0,2433970598664567,2433970598664567,9223372036854775807,0,2433970599146311,2433970599203081,2433970599402561,2433970599619227,2433970599834331,2433970601277040,2433970602085894,2433970606356727,2433970609950477,
0,2433970648469653,2433970648469653,9223372036854775807,0,2433970648903602,2433970648959331,2433970649155165,2433970649429644,2433970649641102,2433970651070790,2433970651858290,2433970656124436,2433970660302040,
0,2433970681672872,2433970681672872,9223372036854775807,0,2433970682140061,2433970682192665,2433970682390581,2433970682594227,2433970682793186,2433970683954644,2433970684680686,2433970688857769,2433970692180686,
0,2433970731478592,2433970731478592,9223372036854775807,0,2433970732118706,2433970732170269,2433970732373394,2433970732575477,2433970732779644,2433970733770269,2433970734517665,2433970739258290,2433970743349956,
0,2433970764681847,2433970764681847,9223372036854775807,0,2433970765150477,2433970765202040,2433970765391102,2433970765586936,2433970765784331,2433970766832769,2433970767564540,2433970771759852,2433970775594227,
0,2433970814487315,2433970814487315,9223372036854775807,0,2433970814908811,2433970814960373,2433970815205686,2433970815475998,2433970815679644,2433970817436936,2433970818212456,2433970822653602,2433970826741102,
0,2433970847690524,2433970847690524,9223372036854775807,0,2433970848163498,2433970848215061,2433970848406206,2433970848607248,2433970848825998,2433970850118706,2433970850889540,2433970855189019,2433970858966102,
0,2433970897495317,2433970897495317,9223372036854775807,0,2433970897946831,2433970897998915,2433970898695269,2433970898932248,2433970899141623,2433970900345790,2433970901125477,2433970905443186,2433970909820269,
0,2433970930698594,2433970930698594,9223372036854775807,0,2433970931168706,2433970931218186,2433970931408290,2433970931616102,2433970931814540,2433970932984852,2433970933719227,2433970938005165,2433970941664540,
0,2433970980504250,2433970980504250,9223372036854775807,0,2433970980947873,2433970981006206,2433970981234331,2433970981504644,2433970981722352,2433970982693706,2433970983486936,2433970987834331,2433970992109331,
0,2433971013707367,2433971013707367,9223372036854775807,0,2433971014193706,2433971014248394,2433971014451519,2433971014666623,2433971014901519,2433971015918186,2433971016944748,2433971021890581,2433971025319227,
0,2433971063512681,2433971063512681,9223372036854775807,0,2433971063924956,2433971063978602,2433971064174435,2433971064418706,2433971064629123,2433971065629644,2433971066448394,2433971071291102,2433971075307248,
0,2433971096715914,2433971096715914,9223372036854775807,0,2433971097236415,2433971097287456,2433971097498394,2433971097703081,2433971097899956,2433971099233290,2433971100146310,2433971104547352,2433971108075477,
0,2433971146521439,2433971146521439,9223372036854775807,0,2433971146914540,2433971146966623,2433971147161935,2433971147366102,2433971147564019,2433971148673915,2433971149732769,2433971154264019,2433971158353081,
0,2433971179724683,2433971179724683,9223372036854775807,0,2433971180502560,2433971180555685,2433971180776519,2433971180979644,2433971181184852,2433971182275998,2433971183016102,2433971187309852,2433971190657769,
0,2433971229528914,2433971229528914,9223372036854775807,0,2433971229972352,2433971230123915,2433971230332248,2433971230536935,2433971230737977,2433971231993185,2433971232750998,2433971237014540,2433971241090581,
0,2433971279334650,2433971279334650,9223372036854775807,0,2433971279754123,2433971279966623,2433971280275998,2433971280535373,2433971280785373,2433971281767144,2433971282541623,2433971286787977,2433971291237456,
0,2433971312538075,2433971312538075,9223372036854775807,0,2433971313003081,2433971313055165,2433971313246831,2433971313444227,2433971313643706,2433971314536935,2433971315290060,2433971319557248,2433971323041102,
0,2433971345741585,2433971345741585,9223372036854775807,0,2433971346172873,2433971346221831,2433971346411415,2433971346605165,2433971346804644,2433971347880165,2433971348625998,2433971352925477,2433971356220269,
0,2433971395547379,2433971395547379,2433971376000000,2433971376000000,2433971395844227,2433971396703602,2433971396761935,2433971396905685,2433971397058810,2433971397729123,2433971398272873,2433971400617144,2433971403366102,
0,2433971428751665,2433971428751665,2433971413000000,2433971421000000,2433971429077560,2433971430178081,2433971430241623,2433971430390060,2433971430792144,2433971431796831,2433971432370269,2433971436153602,2433971439205165,
0,2433971445354068,2433971445354068,2433971430000000,2433971438000000,2433971445649956,2433971446770790,2433971446827560,2433971447170269,2433971447541623,2433971447644748,2433971448240581,2433971452041102,2433971454119227,
0,2433971461955929,2433971461955929,2433971447000000,2433971455000000,2433971462305165,2433971463428081,2433971463483810,2433971463818706,2433971464190060,2433971465133290,2433971465691623,2433971471082248,2433971473104123,
0,2433971478557809,2433971478557809,2433971463000000,2433971471000000,2433971478879644,2433971479941623,2433971480054644,2433971480207248,2433971480615060,2433971481450477,2433971481999435,2433971488957769,2433971491141623,
0,2433971495159699,2433971495159699,2433971481000000,2433971489000000,2433971495499956,2433971496662456,2433971496971831,2433971497142144,2433971497528081,2433971497644227,2433971498179123,2433971505228081,2433971507221310,
0,2433971511761600,2433971511761600,2433971496000000,2433971503500000,2433971512073394,2433971513106206,2433971513255165,2433971513411415,2433971515233810,2433971516739540,2433971517299956,2433971521596831,2433971523823394,
0,2433971528363455,2433971528363455,2433971513000000,2433971521000000,2433971528699435,2433971529994227,2433971530264540,2433971530434852,2433971530859331,2433971531312977,2433971531864540,2433971537254123,2433971539347352,
0,2433971544965378,2433971544965378,2433971530000000,2433971538000000,2433971545315581,2433971547258290,2433971547317144,2433971547647352,2433971547997873,2433971548105685,2433971548858290,2433971552774956,2433971554889540,
0,2433971561567222,2433971561567222,2433971547000000,2433971555000000,2433971561886415,2433971563404123,2433971563468185,2433971563623915,2433971564036415,2433971565090060,2433971565609331,2433971570152040,2433971572260894,
0,2433971578168988,2433971578168988,2433971563000000,2433971571000000,2433971578505685,2433971589519748,2433971589577040,2433971589896831,2433971592147352,2433971592256727,2433971593055685,2433971601834852,2433971603891623,
0,2433971594770830,2433971594770830,2433971589000000,2433971589000000,2433971595273915,2433971596735894,2433971596801519,2433971599614540,2433971601682769,2433971604427040,2433971605138498,2433971611870790,2433971614387456,
0,2433971611345998,2433971611345998,2433971598000000,2433971602500000,2433971617687456,2433971618771310,2433971618861415,2433971619154123,2433971619640581,2433971619761415,2433971622243185,2433971625943706,2433971629343706,
0,2433971627948073,2433971627948073,2433971619000000,2433971619000000,2433971628909852,2433971630155685,2433971630217665,2433971630365581,2433971630766102,2433971631167665,2433971632200477,2433971635914540,2433971646444227,
0,2433971644550411,2433971644550411,2433971630000000,2433971635500000,2433971644847352,2433971646911415,2433971646983810,2433971647155685,2433971647578081,2433971648355685,2433971649142144,2433971655661935,2433971663403602,
0,2433971661152776,2433971661152776,2433971646000000,2433971654000000,2433971661479123,2433971663473394,2433971663755165,2433971663929123,2433971664310373,2433971664401519,2433971665204123,2433971670704123,2433971679295790,
0,2433971677755111,2433971677755111,2433971663000000,2433971671000000,2433971678054644,2433971679583290,2433971679636415,2433971679776519,2433971680445790,2433971681723394,2433971682928602,2433971687600998,2433971695594748,
0,2433971694357441,2433971694357441,9223372036854775807,0,2433971694770269,2433971694792144,2433971695064019,2433971695119748,2433971695254123,2433971695743706,2433971696377560,2433971700802560,2433971712298394,
0,2433971710959733,2433971710959733,9223372036854775807,0,2433971711398394,2433971711420790,2433971711678081,2433971711729644,2433971711859331,2433971712443185,2433971713059331,2433971717330685,2433971729172352,
0,2433971727561857,2433971727561857,9223372036854775807,0,2433971727947352,2433971727968185,2433971728145790,2433971728199435,2433971728338498,2433971729753602,2433971730483290,2433971734990060,2433971745434852,
0,2433971744164016,2433971744164016,9223372036854775807,0,2433971744583290,2433971744585373,2433971744833810,2433971744887456,2433971745013498,2433971745587456,2433971746200477,2433971750137977,2433971762454644,
0,2433971760766178,2433971760766178,9223372036854775807,0,2433971761145790,2433971761166102,2433971762551519,2433971762666623,2433971765221310,2433971766400477,2433971767097873,2433971771437977,2433971779461935,
0,2433971777368294,2433971777368294,9223372036854775807,0,2433971777794748,2433971777819227,2433971778081727,2433971778765581,2433971779150998,2433971779692665,2433971785609331,2433971790363498,2433971795255165,
0,2433971793970412,2433971793970412,9223372036854775807,0,2433971794374956,2433971794377040,2433971795139019,2433971795255685,2433971795413498,2433971796562456,2433971797355165,2433971800784852,2433971811874956,

0,2433971810572655,2433971810572655,9223372036854775807,0,2433971810947873,2433971811007769,2433971811192144,2433971811246310,2433971811399435,2433971824940060,2433971825644748,2433971831110373,2433971833381206,
0,2433971827174852,2433971827174852,9223372036854775807,0,2433971827548915,2433971827550477,2433971827784852,2433971827837456,2433971827958810,2433971833533290,2433971834037456,2433971841521831,2433971845095790,
0,2433971843777027,2433971843777027,9223372036854775807,0,2433971844129644,2433971844148394,2433971844314540,2433971844364019,2433971844520269,2433971845621310,2433971846221831,2433971850228602,2433971862004123,
0,2433971860379368,2433971860379368,9223372036854775807,0,2433971860786935,2433971860789019,2433971861027560,2433971861087977,2433971861207769,2433971862155685,2433971862732769,2433971867020269,2433971878203081,
0,2433971876981614,2433971876981614,9223372036854775807,0,2433971877334852,2433971877354644,2433971877576519,2433971877628602,2433971877752560,2433971878341102,2433971878901519,2433971890878081,2433971895029644,
0,2433971893583683,2433971893583683,9223372036854775807,0,2433971893820269,2433971893837977,2433971893999956,2433971894049956,2433971894192144,2433971895704644,2433971896355685,2433971900587977,2433971911791102,
0,2433971910185942,2433971910185942,9223372036854775807,0,2433971910564540,2433971910585373,2433971910820790,2433971911514019,2433971911848394,2433971912243185,2433971914071310,2433971919141102,2433971927953602,
0,2433971926788172,2433971926788172,9223372036854775807,0,2433971927155165,2433971927173394,2433971927330165,2433971927381727,2433971927523394,2433971928513498,2433971929178602,2433971933327040,2433971944659331,
0,2433971943390437,2433971943390437,9223372036854775807,0,2433971943796831,2433971943798915,2433971944035373,2433971944088498,2433971944210894,2433971944807248,2433971945358290,2433971949152040,2433971961167665,
0,2433971959992761,2433971959992761,9223372036854775807,0,2433971960385894,2433971960406727,2433971960632248,2433971960683810,2433971960803081,2433971961308810,2433971961852560,2433971965545269,2433971977838498,
0,2433971976594999,2433971976594999,9223372036854775807,0,2433971976987977,2433971977009331,2433971977226519,2433971977296831,2433971977448915,2433971978358810,2433971978986415,2433971983189540,2433971994484331,
0,2433971993197085,2433971993197085,9223372036854775807,0,2433971993575477,2433971993577560,2433971993796831,2433971993844748,2433971993974435,2433971994629644,2433971995218185,2433971999256206,2433972011010373,
0,2433972009799043,2433972009799043,9223372036854775807,0,2433972010189540,2433972010209331,2433972010402560,2433972011090581,2433972011451519,2433972011513498,2433972013279123,2433972018625998,2433972027089019,
0,2433972025949265,2433972025949265,9223372036854775807,0,2433972026283810,2433972026303081,2433972026489540,2433972026546831,2433972026757769,2433972027680165,2433972028283810,2433972032628602,2433972043652040,
0,2433972042551452,2433972042551452,9223372036854775807,0,2433972042826519,2433972042828602,2433972043074956,2433972043131206,2433972043264540,2433972043804123,2433972044435894,2433972048610894,2433972060558290,
0,2433972059153658,2433972059153658,9223372036854775807,0,2433972059524435,2433972059544748,2433972059733810,2433972059789540,2433972059936935,2433972061232248,2433972061817144,2433972066309852,2433972076833290,
0,2433972075755834,2433972075755834,9223372036854775807,0,2433972076022873,2433972076024956,2433972076266623,2433972076321831,2433972076449435,2433972076984331,2433972077548394,2433972082369227,2433972093780165,
0,2433972092358061,2433972092358061,9223372036854775807,0,2433972092778081,2433972092799956,2433972093052040,2433972093107248,2433972093242144,2433972093951519,2433972094624435,2433972100438498,2433972110631206,
0,2433972108891307,2433972108891307,9223372036854775807,0,2433972109249435,2433972109268185,2433972109458290,2433972109511935,2433972109663498,2433972111323394,2433972112099435,2433972118819748,2433972126840060,
0,2433972125481412,2433972125481412,9223372036854775807,0,2433972125770269,2433972125772352,2433972126012977,2433972126070269,2433972126204123,2433972127030685,2433972127708289,2433972133504123,2433972143921831,
0,2433972142071546,2433972142071546,9223372036854775807,0,2433972142477039,2433972142496831,2433972142693706,2433972142751519,2433972142905164,2433972144669227,2433972145428602,2433972151941102,2433972161552039,
0,2433972158661694,2433972158661694,9223372036854775807,0,2433972159112977,2433972159115060,2433972161815581,2433972161946831,2433972162719227,2433972162792144,2433972163911414,2433972172886935,2433972176691623,
0,2433972175251937,2433972175251937,9223372036854775807,0,2433972175675477,2433972175697352,2433972175922873,2433972176775477,2433972177256206,2433972177337456,2433972178410894,2433972188303602,2433972193649956,
0,2433972191842071,2433972191842071,9223372036854775807,0,2433972192231727,2433972192250998,2433972192428081,2433972192482769,2433972192634852,2433972194746310,2433972195667664,2433972205648914,2433972210061935,
0,2433972208432064,2433972208432064,9223372036854775807,0,2433972208875998,2433972208878081,2433972209125998,2433972209176519,2433972209302039,2433972210280164,2433972211304644,2433972219139019,2433972226971831,
0,2433972225022103,2433972225022103,9223372036854775807,0,2433972225460373,2433972225480685,2433972225673394,2433972225724435,2433972225877560,2433972228497873,2433972229459331,2433972235444227,2433972242874956,
0,2433972241612132,2433972241612132,9223372036854775807,0,2433972242062456,2433972242064539,2433972242330164,2433972242389539,2433972242561414,2433972243048914,2433972243758810,2433972248932248,2433972259932769,
0,2433972258202288,2433972258202288,9223372036854775807,0,2433972258637456,2433972258657769,2433972258914019,2433972258968706,2433972259110894,2433972260152560,2433972261410894,2433972266859852,2433972276153602,
0,2433972274792384,2433972274792384,9223372036854775807,0,2433972275191102,2433972275211414,2433972275424435,2433972275483810,2433972275652039,2433972277506727,2433972278479644,2433972284738498,2433972292585894,
0,2433972291382567,2433972291382567,9223372036854775807,0,2433972291799956,2433972291823394,2433972292065581,2433972292768706,2433972293130685,2433972293194227,2433972294946310,2433972301404644,2433972309178602,
0,2433972307972804,2433972307972804,9223372036854775807,0,2433972308237456,2433972308257248,2433972308470269,2433972308528602,2433972308691102,2433972309933810,2433972310757769,2433972317385894,2433972325965581,
0,2433972324562827,2433972324562827,2433972317000000,2433972317000000,2433972324928602,2433972325216623,2433972325236414,2433972325283810,2433972325410894,2433972326270789,2433972326964019,2433972332310373,2433972342441623,
0,2433972341153116,2433972341153116,2433972325000000,2433972329000000,2433972341565060,2433972342007248,2433972342028081,2433972342077039,2433972342206206,2433972342609331,2433972343341102,2433972348959852,2433972359352560,
0,2433972357743280,2433972357743280,2433972342000000,2433972350000000,2433972358107769,2433972358487456,2433972358507769,2433972358558810,2433972358711414,2433972360587977,2433972361389019,2433972367198914,2433972375617144,
0,2433972374333458,2433972374333458,2433972358000000,2433972366000000,2433972374748914,2433972375196831,2433972375216623,2433972375264539,2433972375390060,2433972375790060,2433972376651519,2433972385967144,2433972392870269,
0,2433972390923649,2433972390923649,2433972375000000,2433972383000000,2433972391307248,2433972391696310,2433972391716623,2433972391769227,2433972392144227,2433972393753081,2433972394573394,2433972400965581,2433972408709852,
0,2433972407513829,2433972407513829,2433972392000000,2433972400000000,2433972407921831,2433972408386935,2433972408408289,2433972408457248,2433972408577039,2433972408889539,2433972409698914,2433972415659852,2433972425374435,
0,2433972424104161,2433972424104161,2433972408000000,2433972416000000,2433972424504644,2433972424974956,2433972424995789,2433972425043185,2433972425169227,2433972425552560,2433972426299435,2433972433947352,2433972442149435,
0,2433972440694360,2433972440694360,2433972425000000,2433972433000000,2433972441066102,2433972441429123,2433972441447873,2433972441515060,2433972441659331,2433972443004123,2433972443787456,2433972449715581,2433972458511414,
0,2433972457284516,2433972457284516,2433972441000000,2433972449000000,2433972457698914,2433972458126519,2433972458147352,2433972458195789,2433972458319748,2433972458691623,2433972459444748,2433972467130164,2433972475192144,
0,2433972473874718,2433972473874718,2433972458000000,2433972466000000,2433972474245269,2433972474930164,2433972474950477,2433972475070269,2433972475198394,2433972476132769,2433972477329123,2433972485237456,2433972491736414,
0,2433972490464869,2433972490464869,2433972475000000,2433972483000000,2433972490872352,2433972491302560,2433972491322352,2433972491369748,2433972491489539,2433972491922352,2433972492695269,2433972498083810,2433972508710373,
0,2433972507055139,2433972507055139,2433972491000000,2433972499000000,2433972507466102,2433972509981727,2433972510037456,2433972510154644,2433972510658810,2433972510738498,2433972511552560,2433972517596310,2433972525114019,
0,2433972523645284,2433972523645284,2433972511000000,2433972518645284,2433972524021310,2433972524385894,2433972524404123,2433972525206206,2433972525677560,2433972528946831,2433972529843185,2433972536974435,2433972541880164,
0,2433972540235321,2433972540235321,2433972524000000,2433972530500000,2433972540637456,2433972541054644,2433972541071831,2433972541120789,2433972541244748,2433972542066623,2433972543254123,2433972551773914,2433972558134331,
0,2433972556825355,2433972556825355,2433972541000000,2433972549000000,2433972557198914,2433972557559852,2433972557579644,2433972558259331,2433972558625477,2433972559827560,2433972561886414,2433972568742144,2433972574857769,
0,2433972573415524,2433972573415524,2433972557000000,2433972565000000,2433972573667664,2433972574100477,2433972574120789,2433972574169227,2433972574290581,2433972575098914,2433972575846310,2433972581764019,2433972591248914,
0,2433972590005764,2433972590005764,2433972574000000,2433972582000000,2433972590397873,2433972590841102,2433972590860373,2433972590910373,2433972591036414,2433972591425477,2433972592179644,2433972599453602,2433972607916102,
0,2433972606595936,2433972606595936,2433972591000000,2433972599000000,2433972606962456,2433972607339019,2433972607360373,2433972607415060,2433972607568706,2433972608279644,2433972608769748,2433972611111935,2433972624413498,
0,2433972623186171,2433972623186171,2433972607000000,2433972615000000,2433972623578081,2433972624040060,2433972624061414,2433972624112977,2433972624236935,2433972624604123,2433972625279644,2433972635497873,2433972642292664,
0,2433972639776354,2433972639776354,9223372036854775807,0,2433972640159852,2433972640179123,2433972640358289,2433972640411935,2433972640560894,2433972643133810,2433972643905164,2433972651011935,2433972657723394,
0,2433972656366062,2433972656366062,9223372036854775807,0,2433972656811935,2433972656814019,2433972657056727,2433972657109852,2433972657235373,2433972657898914,2433972658566102,2433972663870789,2433972674215581,
0,2433972672956077,2433972672956077,9223372036854775807,0,2433972673357769,2433972673378602,2433972673612977,2433972673666623,2433972673811935,2433972674377039,2433972675024956,2433972679434331,2433972690871310,
0,2433972689546252,2433972689546252,9223372036854775807,0,2433972689905164,2433972689923394,2433972701633289,2433972701817144,2433972702496831,2433972703087456,2433972703941102,2433972709542144,2433972712407248,
0,2433972706136432,2433972706136432,9223372036854775807,0,2433972706489539,2433972706505685,2433972706673914,2433972707369227,2433972708004123,2433972712592664,2433972713568185,2433972719725998,2433972725034331,
0,2433972722726577,2433972722726577,9223372036854775807,0,2433972723099435,2433972723119227,2433972723306206,2433972723361414,2433972723519227,2433972726254644,2433972727699435,2433972735254644,2433972741651519,
0,2433972739316443,2433972739316443,9223372036854775807,0,2433972739754644,2433972739756727,2433972740026519,2433972740080164,2433972740217664,2433972743540060,2433972744510894,2433972752484331,2433972757206727,

0,2433972755906420,2433972755906420,9223372036854775807,0,2433972756321831,2433972756343706,2433972756573914,2433972756622873,2433972756747352,2433972763317144,2433972764307769,2433972768373394,2433972773641623,
0,2433972772496410,2433972772496410,9223372036854775807,0,2433972772862977,2433972772881727,2433972773465060,2433972773592144,2433972773727560,2433972774474435,2433972776103602,2433972780457248,2433972790573914,
0,2433972789086446,2433972789086446,9223372036854775807,0,2433972789492664,2433972789494748,2433972789723914,2433972789775477,2433972789902039,2433972790732248,2433972791383810,2433972798777560,2433972807251519,
0,2433972805676447,2433972805676447,9223372036854775807,0,2433972805916102,2433972805933810,2433972806079123,2433972806710373,2433972807092144,2433972808098394,2433972810075998,2433972815637977,2433972823442664,
0,2433972822266600,2433972822266600,9223372036854775807,0,2433972822521831,2433972822543185,2433972822749435,2433972823428081,2433972823799956,2433972823886414,2433972825533810,2433972832043185,2433972840262977,
0,2433972838856840,2433972838856840,9223372036854775807,0,2433972839084331,2433972839103081,2433972839282248,2433972839960373,2433972840377560,2433972840436935,2433972842114539,2433972847723394,2433972856623914,
0,2433972855447142,2433972855447142,9223372036854775807,0,2433972855798394,2433972855817664,2433972855984852,2433972856053602,2433972856200998,2433972857187456,2433972857854123,2433972862583289,2433972873298914,
0,2433972872037328,2433972872037328,9223372036854775807,0,2433972872444748,2433972872446831,2433972872711414,2433972872771310,2433972872902039,2433972873470789,2433972874078602,2433972878664539,2433972889814539,
0,2433972888627430,2433972888627430,9223372036854775807,0,2433972889001519,2433972889022873,2433972889236935,2433972889294227,2433972889458289,2433972890453081,2433972891147873,2433972896100477,2433972906322873,
0,2433972905217651,2433972905217651,9223372036854775807,0,2433972905633289,2433972905635894,2433972905890060,2433972905945789,2433972906076519,2433972906491623,2433972907104644,2433972911047352,2433972922981727,
0,2433972921807788,2433972921807788,9223372036854775807,0,2433972922256727,2433972922278602,2433972922542144,2433972922597873,2433972922734852,2433972923139019,2433972923741102,2433972927766102,2433972939543185,
0,2433972938397588,2433972938397588,9223372036854775807,0,2433972938786414,2433972938804644,2433972938981206,2433972939034852,2433972939186414,2433972940303602,2433972940984852,2433972945190581,2433972956123394,
0,2433972954987687,2433972954987687,9223372036854775807,0,2433972955408289,2433972955409852,2433972955665060,2433972955720789,2433972955850477,2433972956290581,2433972956885894,2433972960871831,2433972972771831,
0,2433972971577897,2433972971577897,9223372036854775807,0,2433972971935894,2433972971954644,2433972972136414,2433972972190581,2433972972347873,2433972973323394,2433972974026519,2433972978559852,2433972989272352,
0,2433972988168202,2433972988168202,9223372036854775807,0,2433972988578602,2433972988580685,2433972988828602,2433972988882769,2433972989030685,2433972989436414,2433972990209331,2433972994521831,2433973005899956,
0,2433973004758488,2433973004758488,9223372036854775807,0,2433973005177560,2433973005198914,2433973005454644,2433973005508810,2433973005641102,2433973006053081,2433973006650477,2433973010866102,2433973022490060,
0,2433973021348600,2433973021348600,9223372036854775807,0,2433973021712977,2433973021732248,2433973021905164,2433973021958289,2433973022109331,2433973023025998,2433973023696310,2433973027777039,2433973039116102,
0,2433973037938758,2433973037938758,9223372036854775807,0,2433973038349435,2433973038351519,2433973038603081,2433973038660373,2433973038786935,2433973039278602,2433973040047873,2433973044128081,2433973055723394,
0,2433973054528881,2433973054528881,9223372036854775807,0,2433973054962977,2433973054985894,2433973055246310,2433973055300477,2433973055439019,2433973055912456,2433973056522352,2433973060444227,2433973072356727,
0,2433973071119075,2433973071119075,9223372036854775807,0,2433973071524435,2433973071546310,2433973071792664,2433973071844227,2433973071969748,2433973072512456,2433973073131206,2433973077047352,2433973089196310,
0,2433973087709152,2433973087709152,9223372036854775807,0,2433973088156727,2433973088177039,2433973088440581,2433973088495269,2433973088630164,2433973089390060,2433973090168185,2433973096021310,2433973105786414,
0,2433973104298998,2433973104298998,9223372036854775807,0,2433973104767144,2433973104787977,2433973105031727,2433973105084331,2433973105208289,2433973105978081,2433973106759331,2433973116426519,2433973122315581,
0,2433973120888801,2433973120888801,9223372036854775807,0,2433973121329644,2433973121350477,2433973121605685,2433973121660373,2433973121795269,2433973122509852,2433973123255685,2433973129628081,2433973138798914,
0,2433973137478764,2433973137478764,9223372036854775807,0,2433973137924435,2433973137946831,2433973138206727,2433973138267144,2433973138428602,2433973138989019,2433973139727560,2433973146105164,2433973155385894,
0,2433973154068765,2433973154068765,9223372036854775807,0,2433973154521310,2433973154544227,2433973154801519,2433973154856727,2433973154996831,2433973155585373,2433973156342664,2433973162282769,2433973172186414,
0,2433973170658633,2433973170658633,9223372036854775807,0,2433973171113498,2433973171135373,2433973171398914,2433973171453602,2433973171587456,2433973172392144,2433973173247873,2433973179539019,2433973188735894,
0,2433973187248450,2433973187248450,9223372036854775807,0,2433973187710894,2433973187732769,2433973187997873,2433973188054123,2433973188194748,2433973188936935,2433973189791623,2433973196361935,2433973205306727,
0,2433973203838248,2433973203838248,9223372036854775807,0,2433973204159331,2433973204181727,2433973204447873,2433973204505685,2433973204639019,2433973205507248,2433973206392144,2433973213512456,2433973221779123,
0,2433973220428254,2433973220428254,2433973212000000,2433973212000000,2433973220778602,2433973221054643,2433973221075477,2433973221122352,2433973221260373,2433973221947352,2433973222616623,2433973227044748,2433973238204123,
0,2433973237018494,2433973237018494,2433973221000000,2433973225500000,2433973237416102,2433973237869227,2433973237887456,2433973237954643,2433973238078081,2433973238365060,2433973239044748,2433973247340060,2433973254980685,
0,2433973253608747,2433973253608747,2433973238000000,2433973246000000,2433973253864539,2433973254616623,2433973254636414,2433973254753081,2433973254870268,2433973255144227,2433973255938498,2433973260884852,2433973271456206,
0,2433973270199030,2433973270199030,2433973254000000,2433973262000000,2433973270605164,2433973272311414,2433973272333289,2433973272445789,2433973273034852,2433973273119227,2433973274439018,2433973279087456,2433973288127560,
0,2433973286789017,2433973286789017,2433973272000000,2433973280000000,2433973287190581,2433973287647873,2433973287669227,2433973288364018,2433973288725998,2433973288880164,2433973289731206,2433973296599435,2433973308273914,
0,2433973303378814,2433973303378814,2433973287000000,2433973294500000,2433973303790581,2433973304219748,2433973304238498,2433973304284331,2433973304408289,2433973308490581,2433973309284852,2433973314542143,2433973321241623,
0,2433973319968885,2433973319968885,2433973306000000,2433973314000000,2433973320368706,2433973320779643,2433973320798393,2433973321414018,2433973321754643,2433973321834852,2433973323617143,2433973332265060,2433973338027039,
0,2433973336558946,2433973336558946,2433973321000000,2433973328500000,2433973336993185,2433973337434331,2433973337454123,2433973337505164,2433973337642143,2433973338219748,2433973339053602,2433973347086935,2433973354653081,
0,2433973353148849,2433973353148849,2433973337000000,2433973345000000,2433973353537456,2433973353970268,2433973353989539,2433973354038498,2433973354168706,2433973354960373,2433973355952560,2433973364042143,2433973371402039,
0,2433973369738855,2433973369738855,2433973354000000,2433973362000000,2433973370139539,2433973370556206,2433973370574956,2433973370622873,2433973370770789,2433973372036935,2433973372727039,2433973377131727,2433973387615060,
0,2433973386329005,2433973386329005,2433973370000000,2433973378000000,2433973386720789,2433973387159331,2433973387179123,2433973387226518,2433973387351518,2433973387781727,2433973388474956,2433973392485373,2433973404346831,
0,2433973402919136,2433973402919136,2433973387000000,2433973395000000,2433973403270268,2433973403923914,2433973403946310,2433973404063498,2433973404190581,2433973405085373,2433973405842143,2433973411294748,2433973421021310,
0,2433973419509224,2433973419509224,2433973404000000,2433973412000000,2433973419911414,2433973420374435,2433973420394748,2433973420444227,2433973420575477,2433973421188498,2433973421914018,2433973425717143,2433973437815581,
0,2433973436099342,2433973436099342,2433973420000000,2433973428000000,2433973436481206,2433973438833810,2433973438854643,2433973438973393,2433973439582248,2433973440489018,2433973441279643,2433973446867664,2433973454060373,
0,2433973452689270,2433973452689270,2433973439000000,2433973447000000,2433973455934331,2433973456320789,2433973456345268,2433973457186414,2433973457624435,2433973458239539,2433973460146310,2433973467502039,2433973472224435,
0,2433973469279211,2433973469279211,2433973456000000,2433973464000000,2433973469654123,2433973470033289,2433973470054643,2433973470104123,2433973470253081,2433973472834331,2433973473575477,2433973482644748,2433973488569227,
0,2433973485869255,2433973485869255,2433973470000000,2433973477000000,2433973486885373,2433973487263498,2433973487279643,2433973487322352,2433973487444748,2433973488727039,2433973489390060,2433973493062977,2433973503959331,
0,2433973502459305,2433973502459305,2433973493000000,2433973493000000,2433973502828602,2433973503190060,2433973503209331,2433973503831727,2433973504178602,2433973505309852,2433973507184331,2433973511886935,2433973521201518,
0,2433973519049295,2433973519049295,2433973503000000,2433973508000000,2433973519493706,2433973519969227,2433973519990060,2433973520074956,2433973520215060,2433973521373914,2433973523384852,2433973528587977,2433973537030685,
0,2433973535639274,2433973535639274,9223372036854775807,0,2433973536056206,2433973536078602,2433973536335893,2433973536395789,2433973536527560,2433973537183289,2433973537906727,2433973542319227,2433973553363498,
0,2433973552229291,2433973552229291,9223372036854775807,0,2433973552636935,2433973552658810,2433973552906727,2433973552958289,2433973553089539,2433973553554123,2433973554156727,2433973557689539,2433973570193185,
0,2433973568819395,2433973568819395,9223372036854775807,0,2433973569184331,2433973569203081,2433973569370789,2433973569422352,2433973569566102,2433973570739539,2433973571460893,2433973575317664,2433973586537977,
0,2433973585409529,2433973585409529,9223372036854775807,0,2433973585827039,2433973585829123,2433973586061414,2433973586114018,2433973586241623,2433973586691102,2433973587304643,2433973592724956,2433973603148393,
0,2433973601999652,2433973601999652,9223372036854775807,0,2433973602433810,2433973602455164,2433973602720268,2433973602778602,2433973602917664,2433973603297873,2433973603892143,2433973607948914,2433973619958289,
0,2433973618589601,2433973618589601,9223372036854775807,0,2433973618961935,2433973618981727,2433973619165581,2433973619223393,2433973619387456,2433973623017664,2433973623720268,2433973627666623,2433973636308810,

0,2433973635179670,2433973635179670,9223372036854775807,0,2433973635573914,2433973635576518,2433973635828081,2433973635883289,2433973636016623,2433973643246831,2433973644134852,2433973648040060,2433973653321310,
0,2433973651769720,2433973651769720,9223372036854775807,0,2433973652143706,2433973652164018,2433973657392664,2433973658181727,2433973659032768,2433973662703602,2433973663722873,2433973668824956,2433973672103602,
0,2433973668359612,2433973668359612,9223372036854775807,0,2433973668612456,2433973668631727,2433973669155164,2433973669979123,2433973670459852,2433973672275477,2433973675433289,2433973681913498,2433973686520268,
0,2433973684949502,2433973684949502,9223372036854775807,0,2433973687687977,2433973687690060,2433973687900477,2433973687947352,2433973688081727,2433973688201518,2433973689018185,2433973694234331,2433973703135893,
0,2433973701539413,2433973701539413,9223372036854775807,0,2433973701802560,2433973701821831,2433973701978602,2433973702615581,2433973702994748,2433973703915060,2433973705853602,2433973712285373,2433973719346310,
0,2433973718129403,2433973718129403,9223372036854775807,0,2433973718519748,2433973718522352,2433973718752560,2433973718803602,2433973718932248,2433973719533810,2433973721823393,2433973729029123,2433973735965581,
0,2433973734719480,2433973734719480,9223372036854775807,0,2433973735109852,2433973735130164,2433973735352560,2433973735403602,2433973735537977,2433973736127560,2433973736804123,2433973741371310,2433973752893185,
0,2433973751309367,2433973751309367,9223372036854775807,0,2433973751723914,2433973751744748,2433973751985893,2433973752042664,2433973752199435,2433973753562977,2433973754336414,2433973759491102,2433973769130164,
0,2433973767899227,2433973767899227,9223372036854775807,0,2433973768206727,2433973768209331,2433973768482768,2433973768549956,2433973768693185,2433973769309852,2433973770065581,2433973774070268,2433973785806206,
0,2433973784489214,2433973784489214,9223372036854775807,0,2433973784880164,2433973784903081,2433973785117143,2433973785173393,2433973785320789,2433973786424956,2433973787163498,2433973794329643,2433973802774956,
0,2433973801079150,2433973801079150,9223372036854775807,0,2433973801528602,2433973801530685,2433973801809852,2433973801871831,2433973802025477,2433973802964539,2433973803911414,2433973810050998,2433973818889018,
0,2433973817669091,2433973817669091,9223372036854775807,0,2433973818078602,2433973818099956,2433973818322873,2433973819137977,2433973819516623,2433973819602039,2433973821980164,2433973828327560,2433973835700998,
0,2433973834259176,2433973834259176,9223372036854775807,0,2433973834640060,2433973834660373,2433973834869748,2433973834926518,2433973835072873,2433973836322873,2433973837088498,2433973842924435,2433973852108289,
0,2433973850849152,2433973850849152,9223372036854775807,0,2433973851271831,2433973851273914,2433973851533289,2433973851590060,2433973851721831,2433973852293706,2433973852999435,2433973857272352,2433973869059331,
0,2433973867439134,2433973867439134,9223372036854775807,0,2433973867821831,2433973867842143,2433973868038498,2433973868092664,2433973868243706,2433973869647873,2433973870487456,2433973875265060,2433973885568185,
0,2433973884028665,2433973884028665,9223372036854775807,0,2433973884365581,2433973884367143,2433973884632248,2433973884690060,2433973884843706,2433973885791623,2433973886645268,2433973892854643,2433973902358289,
0,2433973900618348,2433973900618348,9223372036854775807,0,2433973900923914,2433973900943706,2433973901182248,2433973901235893,2433973901381206,2433973902569227,2433973903472873,2433973911769227,2433973918849435,
0,2433973917208159,2433973917208159,9223372036854775807,0,2433973917631206,2433973917651518,2433973917861414,2433973917917143,2433973918067143,2433973919694748,2433973920623393,2433973928215581,2433973935368706,
0,2433973933797975,2433973933797975,9223372036854775807,0,2433973934288498,2433973934291102,2433973934564018,2433973934621831,2433973934769227,2433973935590581,2433973936434852,2433973943009331,2433973952274956,
0,2433973950387829,2433973950387829,9223372036854775807,0,2433973950807248,2433973950828081,2433973951020268,2433973951073393,2433973951222873,2433973952991102,2433973953888498,2433973961311414,2433973968433810,
0,2433973966977566,2433973966977566,9223372036854775807,0,2433973967427039,2433973967429123,2433973967668706,2433973967721831,2433973967847873,2433973968662456,2433973969496831,2433973975852560,2433973985091623,
0,2433973983567480,2433973983567480,9223372036854775807,0,2433973984016102,2433973984038498,2433973984278081,2433973984329643,2433973984458810,2433973985302560,2433973986215060,2433973993387456,2433974004463498,
0,2433974000157293,2433974000157293,9223372036854775807,0,2433974000591623,2433974000611414,2433974000811935,2433974000864018,2433974001008810,2433974005265060,2433974006262456,2433974013829643,2433974018436414,
0,2433974016746982,2433974016746982,9223372036854775807,0,2433974031129123,2433974031147873,2433974051294227,2433974052360373,2433974054907768,2433974055001518,2433974056632768,2433974061917143,2433974064289018,
0,2433974033336806,2433974050003472,9223372036854775807,0,2433974057069227,2433974057086935,2433974057286935,2433974058265060,2433974058668706,2433974064869227,2433974065532248,2433974069984331,2433974071964539,
0,2433974066516455,2433974066516455,9223372036854775807,0,2433974066775477,2433974066792664,2433974067005685,2433974067976518,2433974068553602,2433974072123914,2433974072810893,2433974077574956,2433974085268185,
0,2433974083106312,2433974083106312,9223372036854775807,0,2433974083430164,2433974083453602,2433974083708810,2433974083770268,2433974083931727,2433974085996310,2433974086960893,2433974092514539,2433974101234331,
0,2433974099696402,2433974099696402,9223372036854775807,0,2433974100154123,2433974100156206,2433974100461935,2433974100525998,2433974100681206,2433974101400477,2433974102098393,2433974106079123,2433974117587977,
0,2433974116286473,2433974116286473,2433974108000000,2433974108000000,2433974116506727,2433974116753081,2433974116773393,2433974116820789,2433974116968706,2433974119130164,2433974120851518,2433974125001518,2433974134033810,
0,2433974132876590,2433974132876590,2433974117000000,2433974121500000,2433974133125477,2433974133603602,2433974133621831,2433974133672873,2433974133804123,2433974134193706,2433974134879643,2433974138771310,2433974150735893,
0,2433974149466810,2433974149466810,2433974133000000,2433974141000000,2433974149733289,2433974152658289,2433974152681206,2433974152809852,2433974153409852,2433974153562977,2433974154491623,2433974158019227,2433974167465060,
0,2433974166056987,2433974166056987,2433974153000000,2433974161000000,2433974166416102,2433974167000477,2433974167021831,2433974167853602,2433974168347352,2433974169191102,2433974170404643,2433974175701518,2433974183940581,
0,2433974182646974,2433974182646974,2433974166000000,2433974172500000,2433974183056727,2433974183500477,2433974183521310,2433974183572873,2433974183697873,2433974184125477,2433974184862977,2433974191757768,2433974201967143,
0,2433974199237023,2433974199237023,2433974183000000,2433974191000000,2433974199600477,2433974199960373,2433974199981206,2433974200060893,2433974200217664,2433974202608289,2433974203389018,2433974208429123,2433974217247873,
0,2433974215826980,2433974215826980,2433974200000000,2433974208000000,2433974216083810,2433974216518706,2433974216539018,2433974216593706,2433974216720268,2433974217421310,2433974218147352,2433974222890060,2433974233799956,
0,2433974232417056,2433974232417056,2433974216000000,2433974224000000,2433974232798393,2433974233244748,2433974233264018,2433974233312456,2433974233440581,2433974233968185,2433974234734852,2433974242045268,2433974256806727,
0,2433974249006975,2433974249006975,2433974233000000,2433974241000000,2433974249271831,2433974249584852,2433974249601518,2433974249645268,2433974249789539,2433974257600998,2433974258384331,2433974264750477,2433974267204123,
0,2433974265596257,2433974265596257,2433974249000000,2433974257000000,2433974266043706,2433974266427039,2433974266444748,2433974267056727,2433974267439539,2433974267505164,2433974269194227,2433974277866623,2433974284911414,
0,2433974282185992,2433974282185992,2433974266000000,2433974274000000,2433974282587456,2433974282964018,2433974282983810,2433974283033810,2433974283178602,2433974285569227,2433974286333289,2433974293902039,2433974302107768,
0,2433974298775968,2433974298775968,2433974283000000,2433974291000000,2433974299039539,2433974299483810,2433974299504123,2433974299555164,2433974299684331,2433974302299435,2433974303072873,2433974308250998,2433974316735372,
0,2433974315366096,2433974315366096,2433974299000000,2433974307000000,2433974315614539,2433974316046310,2433974316067143,2433974316117664,2433974316250477,2433974316907247,2433974318024435,2433974325510893,2433974334644227,
0,2433974331956156,2433974331956156,2433974316000000,2433974324000000,2433974332328602,2433974332736935,2433974332756206,2433974332805685,2433974332946831,2433974335297352,2433974336094227,2433974341773914,2433974349871831,
0,2433974348546156,2433974348546156,2433974333000000,2433974341000000,2433974348943706,2433974351293185,2433974351315060,2433974351447872,2433974351929643,2433974352023393,2433974352968185,2433974358420789,2433974366421831,
0,2433974365136154,2433974365136154,2433974351000000,2433974359000000,2433974365511935,2433974365872872,2433974365891622,2433974366757768,2433974367232768,2433974368154643,2433974369184852,2433974376085893,2433974382968706,
0,2433974381726230,2433974381726230,2433974366000000,2433974373500000,2433974382157247,2433974382893185,2433974382913497,2433974383041102,2433974383149435,2433974383208289,2433974384115060,2433974391068185,2433974401851518,
0,2433974398316304,2433974398316304,2433974383000000,2433974391000000,2433974398584852,2433974399006206,2433974399026518,2433974399076518,2433974399211414,2433974402010372,2433974402753081,2433974408253081,2433974416457768,
0,2433974414906220,2433974414906220,2433974399000000,2433974407000000,2433974415296310,2433974415630164,2433974415647872,2433974415696310,2433974415836935,2433974418572352,2433974419544747,2433974426979643,2433974432881206,
0,2433974431496052,2433974431496052,9223372036854775807,0,2433974431907768,2433974431929643,2433974432180685,2433974432232247,2433974432370268,2433974433067143,2433974433771831,2433974438077039,2433974449864018,
0,2433974448085922,2433974448085922,9223372036854775807,0,2433974448461414,2433974448480685,2433974448646831,2433974448702560,2433974448853081,2433974450509331,2433974451240581,2433974459977039,2433974465943706,
0,2433974464675732,2433974464675732,9223372036854775807,0,2433974465048914,2433974465050477,2433974465262977,2433974465310372,2433974465435893,2433974466117143,2433974469918706,2433974473847352,2433974482547352,
0,2433974481265743,2433974481265743,9223372036854775807,0,2433974481690060,2433974481710893,2433974481925997,2433974482560372,2433974482910893,2433974482977560,2433974485000477,2433974491056206,2433974499346310,
0,2433974497855784,2433974497855784,9223372036854775807,0,2433974498228081,2433974498248393,2433974498421831,2433974498475477,2433974498615060,2433974500153081,2433974500884852,2433974505399435,2433974515572872,
0,2433974514445839,2433974514445839,9223372036854775807,0,2433974514877039,2433974514879122,2433974515136935,2433974515192143,2433974515327560,2433974515748914,2433974516389018,2433974520340060,2433974532513497,
0,2433974531035964,2433974531035964,9223372036854775807,0,2433974531548393,2433974531568185,2433974531745789,2433974531798393,2433974531972352,2433974534684852,2433974535478081,2433974540589539,2433974549028602,
